GuidanceInfo start
116.1101690 39.9290232
116.1102600 39.8867550
2 116.110473 39.929011
2 116.109689 39.930944
2 116.107487 39.930704
5 116.113834 39.922043
2 116.104373 39.891733
15 116.109790 39.886551
GuidanceInfo end
GuidanceInfo start
116.1103820 40.1387159
116.1104740 39.9130620
2 116.120678 40.131336
2 116.122595 40.131644
7 116.122565 40.133141
9 116.126630 40.131872
5 116.156246 40.131265
3 116.157721 40.130595
14 116.157691 40.129150
4 116.157240 40.127236
4 116.093754 39.994402
5 116.119998 39.933224
14 116.121600 39.934470
4 116.121298 39.934852
4 116.120916 39.935234
4 116.112846 39.936328
4 116.112114 39.936211
3 116.112258 39.912622
15 116.110596 39.913367
GuidanceInfo end
GuidanceInfo start
116.1105650 39.7052309
116.1106570 40.0674551
2 116.114631 39.704405
2 116.116141 39.707091
3 116.104972 39.721175
5 116.108579 39.721332
14 116.109206 39.720647
5 116.106428 39.703817
16 116.148869 39.882811
5 116.115554 40.045063
14 116.117802 40.045709
3 116.113968 40.045907
4 116.116494 40.054152
5 116.117217 40.058102
2 116.117603 40.060683
2 116.116559 40.066273
15 116.110817 40.065808
GuidanceInfo end
GuidanceInfo start
116.1107790 39.8971008
116.1108700 39.9083011
3 116.110508 39.897018
2 116.111492 39.905962
3 116.106979 39.906905
3 116.107082 39.909200
5 116.109439 39.909162
3 116.110456 39.909093
2 116.110326 39.908199
15 116.110868 39.908173
GuidanceInfo end
GuidanceInfo start
116.1109620 39.7029421
116.1110840 39.8811702
2 116.114631 39.704405
2 116.116141 39.707091
3 116.104972 39.721175
5 116.108579 39.721332
14 116.109206 39.720647
5 116.106428 39.703817
5 116.115415 39.832869
14 116.116644 39.836422
3 116.117400 39.838038
2 116.122828 39.838529
4 116.108303 39.873017
3 116.107878 39.873758
3 116.114095 39.879371
4 116.115178 39.878086
2 116.118254 39.878251
15 116.113173 39.881866
GuidanceInfo end
GuidanceInfo start
116.1111760 39.7933074
116.1112670 39.8457076
3 116.116123 39.793780
14 116.116081 39.792131
4 116.116223 39.790864
5 116.115420 39.832883
14 116.116644 39.836422
2 116.117400 39.838038
3 116.112931 39.840077
2 116.114231 39.840576
4 116.113373 39.843719
15 116.110587 39.845233
GuidanceInfo end
GuidanceInfo start
116.1113590 39.8652090
116.1114810 40.0557665
2 116.107505 39.866727
2 116.105443 39.862856
9 116.118374 39.852639
2 116.118667 39.851116
3 116.121092 39.852538
2 116.137118 39.857752
14 116.135244 39.859348
4 116.135585 39.860450
16 116.148878 39.882831
5 116.115554 40.045063
14 116.117802 40.045709
3 116.113968 40.045907
2 116.116494 40.054152
3 116.110939 40.053442
3 116.109632 40.055819
15 116.111249 40.056280
GuidanceInfo end
GuidanceInfo start
116.1115720 39.9739769
116.1116640 39.8492478
3 116.105271 39.971182
2 116.112658 39.979348
5 116.098864 39.985722
3 116.096328 39.986328
2 116.094220 39.995835
14 116.092518 39.994450
5 116.092396 39.993291
16 116.150442 39.886494
5 116.120116 39.842668
14 116.116810 39.839528
3 116.116232 39.838537
3 116.112931 39.840077
2 116.114231 39.840576
3 116.113373 39.843719
2 116.114856 39.844509
3 116.113035 39.847694
15 116.112019 39.848883
GuidanceInfo end
GuidanceInfo start
116.1117550 40.0643422
116.1118780 40.0906492
4 116.109610 40.065056
3 116.105643 40.065195
5 116.106465 40.070441
3 116.108669 40.090140
15 116.111874 40.090802
GuidanceInfo end
GuidanceInfo start
116.1119690 39.8332866
116.1120610 39.6998292
8 116.116787 39.820227
3 116.112449 39.835745
3 116.115672 39.838693
3 116.116193 39.838459
14 116.115629 39.836737
4 116.097035 39.733620
4 116.101251 39.702516
5 116.148648 39.697416
14 116.150927 39.699711
8 116.149023 39.699739
14 116.150928 39.699549
5 116.152434 39.699406
15 116.111885 39.698808
GuidanceInfo end
