RouteInfo start
116.1101690 39.9290232
116.1102600 39.8867550
116.110226 39.929101
116.110334 39.929054
116.110473 39.929011
116.110473 39.929010
116.110447 39.929140
116.110447 39.929140
116.110412 39.929309
116.110356 39.929452
116.110356 39.929452
116.110135 39.929926
116.110092 39.930051
116.110053 39.930116
116.110053 39.930116
116.109910 39.930411
116.109910 39.930411
116.109845 39.930524
116.109823 39.930576
116.109823 39.930576
116.109754 39.930719
116.109754 39.930719
116.109723 39.930814
116.109723 39.930814
116.109689 39.930944
116.109688 39.930946
116.108993 39.930881
116.108993 39.930881
116.108420 39.930821
116.108420 39.930821
116.107487 39.930704
116.107383 39.930664
116.107717 39.930174
116.107717 39.930174
116.108112 39.929605
116.108112 39.929605
116.108372 39.929232
116.108372 39.929232
116.108776 39.928642
116.108884 39.928499
116.108884 39.928499
116.109053 39.928269
116.109569 39.927661
116.109686 39.927536
116.109686 39.927536
116.109999 39.927176
116.109999 39.927176
116.111041 39.926043
116.111041 39.926043
116.111379 39.925665
116.111570 39.925466
116.111782 39.925275
116.111925 39.925171
116.113466 39.924194
116.113583 39.924103
116.113687 39.923999
116.113774 39.923891
116.113847 39.923778
116.113908 39.923657
116.113947 39.923535
116.113968 39.923405
116.113977 39.923141
116.113947 39.922889
116.113847 39.922260
116.113834 39.922160
116.113834 39.922043
116.113837 39.922040
116.113737 39.921497
116.113720 39.921150
116.113698 39.920938
116.113689 39.920512
116.113689 39.920512
116.113585 39.919991
116.113585 39.919991
116.113425 39.918893
116.113425 39.918893
116.113342 39.918264
116.113342 39.918264
116.113304 39.918026
116.113304 39.918026
116.113165 39.917092
116.113082 39.916537
116.112974 39.915903
116.112974 39.915903
116.112814 39.915096
116.112649 39.914306
116.112649 39.914306
116.112341 39.912961
116.112259 39.912618
116.112259 39.912618
116.112046 39.911677
116.112029 39.911607
116.112029 39.911607
116.111977 39.911342
116.111834 39.910718
116.111786 39.910466
116.111626 39.909459
116.111596 39.909225
116.111574 39.909042
116.111574 39.909042
116.111574 39.908991
116.111574 39.908991
116.111526 39.908574
116.111444 39.907680
116.111405 39.907385
116.111405 39.907385
116.111284 39.906200
116.111267 39.906109
116.111267 39.905988
116.111267 39.905988
116.111215 39.905541
116.111041 39.903818
116.111041 39.903818
116.110802 39.901518
116.110802 39.901518
116.110559 39.899161
116.110559 39.899161
116.110508 39.898701
116.110438 39.898024
116.110438 39.898024
116.110391 39.897568
116.110356 39.897317
116.110291 39.897065
116.110230 39.896866
116.110230 39.896866
116.110170 39.896705
116.110057 39.896466
116.109918 39.896236
116.109766 39.896015
116.109684 39.895907
116.109593 39.895799
116.109394 39.895595
116.109285 39.895495
116.108496 39.894861
116.108496 39.894861
116.108066 39.894514
116.107936 39.894410
116.107936 39.894410
116.107519 39.894085
116.107519 39.894085
116.107207 39.893824
116.106825 39.893538
116.106825 39.893538
116.106274 39.893139
116.104946 39.892145
116.104373 39.891733
116.104522 39.891567
116.104748 39.891358
116.106671 39.890139
116.107100 39.889883
116.107100 39.889883
116.107295 39.889766
116.107586 39.889545
116.107764 39.889384
116.107985 39.889159
116.108149 39.888933
116.108509 39.888417
116.108579 39.888330
116.108579 39.888330
116.109586 39.886829
116.109790 39.886551
RouteInfo end
RouteInfo start
116.1103820 40.1387159
116.1104740 39.9130620
116.113385 40.138186
116.113515 40.137773
116.113867 40.136988
116.114071 40.136580
116.114261 40.136341
116.114400 40.136198
116.114400 40.136198
116.114760 40.135808
116.115385 40.135096
116.115546 40.134957
116.115741 40.134862
116.116140 40.134719
116.116414 40.134589
116.116583 40.134472
116.116878 40.134190
116.116938 40.134121
116.116938 40.134121
116.117055 40.133982
116.117207 40.133873
116.117498 40.133730
116.118022 40.133526
116.118548 40.133349
116.118699 40.133279
116.118920 40.133080
116.119866 40.132372
116.120266 40.131930
116.120487 40.131635
116.120678 40.131336
116.120681 40.131332
116.121107 40.131432
116.121419 40.131488
116.122595 40.131644
116.122595 40.131645
116.122556 40.131796
116.122548 40.131853
116.122539 40.131913
116.122539 40.132013
116.122565 40.132087
116.122678 40.132295
116.122708 40.132408
116.122717 40.132508
116.122695 40.132842
116.122686 40.132885
116.122665 40.132980
116.122565 40.133141
116.122565 40.133142
116.122778 40.133008
116.123541 40.132474
116.123654 40.132405
116.123875 40.132318
116.124118 40.132249
116.124761 40.132114
116.124982 40.132097
116.125064 40.132097
116.125676 40.132162
116.125815 40.132162
116.125941 40.132149
116.126110 40.132119
116.126309 40.132054
116.126391 40.132019
116.126630 40.131872
116.126632 40.131871
116.126753 40.131801
116.127135 40.131784
116.127591 40.131819
116.128645 40.131940
116.129535 40.132031
116.130451 40.132109
116.130451 40.132109
116.131323 40.132196
116.131323 40.132196
116.136206 40.132747
116.136305 40.132747
116.136370 40.132725
116.136479 40.132669
116.136561 40.132582
116.136518 40.132535
116.136518 40.132535
116.137012 40.132491
116.139859 40.132461
116.139959 40.132461
116.139959 40.132461
116.140779 40.132448
116.141817 40.132418
116.145662 40.132414
116.145662 40.132414
116.146547 40.132414
116.146547 40.132414
116.147250 40.132414
116.147250 40.132414
116.149815 40.132422
116.149815 40.132422
116.151278 40.132405
116.151278 40.132405
116.151529 40.132397
116.152315 40.132323
116.152315 40.132323
116.152645 40.132276
116.152875 40.132232
116.152875 40.132232
116.153261 40.132150
116.153261 40.132150
116.153916 40.131976
116.153916 40.131976
116.154276 40.131868
116.154276 40.131868
116.155144 40.131599
116.155144 40.131599
116.155808 40.131395
116.155808 40.131395
116.156246 40.131265
116.156250 40.131263
116.156376 40.131146
116.156606 40.130990
116.156996 40.130808
116.157721 40.130595
116.157721 40.130594
116.157712 40.130560
116.157695 40.130278
116.157695 40.129696
116.157691 40.129523
116.157691 40.129150
116.157691 40.129149
116.157704 40.128898
116.157721 40.128368
116.157712 40.128242
116.157691 40.128043
116.157634 40.127848
116.157591 40.127722
116.157530 40.127596
116.157461 40.127483
116.157400 40.127392
116.157240 40.127236
116.157239 40.127235
116.157148 40.127148
116.157066 40.127079
116.156875 40.126953
116.156524 40.126779
116.156311 40.126697
116.155964 40.126615
116.155617 40.126572
116.155426 40.126568
116.155218 40.126572
116.154966 40.126606
116.154792 40.126637
116.154602 40.126693
116.154263 40.126814
116.154099 40.126892
116.153951 40.126984
116.153847 40.127066
116.153756 40.127152
116.153708 40.127218
116.153665 40.127300
116.153635 40.127378
116.153626 40.127482
116.153648 40.127599
116.153695 40.127681
116.153769 40.127781
116.153921 40.127894
116.154020 40.127941
116.154120 40.127976
116.154211 40.127993
116.154311 40.128002
116.154502 40.127989
116.154610 40.127959
116.154753 40.127894
116.154861 40.127816
116.154935 40.127738
116.154982 40.127672
116.155052 40.127529
116.155195 40.127048
116.155195 40.127048
116.155225 40.123289
116.155225 40.123289
116.155234 40.122256
116.155234 40.122256
116.155238 40.122152
116.155294 40.114761
116.155338 40.109370
116.155394 40.104140
116.155407 40.101514
116.155398 40.101367
116.155398 40.101081
116.155398 40.101081
116.155394 40.100794
116.155394 40.100794
116.155377 40.100013
116.155247 40.098733
116.155143 40.098104
116.154922 40.097292
116.154822 40.096993
116.154522 40.096177
116.154036 40.095022
116.153103 40.092970
116.153012 40.092779
116.153012 40.092779
116.149406 40.084702
116.149406 40.084702
116.149236 40.084372
116.148863 40.083552
116.148863 40.083552
116.148772 40.083356
116.148542 40.082831
116.148542 40.082831
116.148308 40.082298
116.148308 40.082298
116.147718 40.080991
116.147718 40.080991
116.147375 40.080219
116.145470 40.076044
116.145127 40.075323
116.144645 40.074399
116.144645 40.074399
116.144346 40.073843
116.144346 40.073843
116.143712 40.072689
116.143417 40.072168
116.143417 40.072168
116.142732 40.071031
116.142081 40.069998
116.141860 40.069664
116.141860 40.069664
116.141335 40.068892
116.140792 40.068119
116.140792 40.068119
116.140541 40.067763
116.139907 40.066904
116.139594 40.066505
116.139594 40.066505
116.138596 40.065233
116.138596 40.065233
116.137733 40.064188
116.137390 40.063797
116.137390 40.063797
116.136657 40.062964
116.135224 40.061419
116.134821 40.061006
116.134821 40.061006
116.133584 40.059782
116.133081 40.059296
116.132447 40.058702
116.131831 40.058142
116.131310 40.057656
116.131310 40.057656
116.130334 40.056823
116.129283 40.055968
116.129283 40.055968
116.128823 40.055603
116.128823 40.055603
116.128459 40.055308
116.127404 40.054501
116.125864 40.053364
116.124857 40.052657
116.123881 40.051997
116.122731 40.051251
116.121455 40.050444
116.120435 40.049771
116.120435 40.049771
116.120075 40.049524
116.120075 40.049524
116.119268 40.048942
116.118665 40.048487
116.118101 40.048031
116.117628 40.047624
116.117046 40.047090
116.117046 40.047090
116.116825 40.046873
116.116339 40.046326
116.116048 40.045966
116.115688 40.045476
116.115458 40.045146
116.115458 40.045146
116.115263 40.044830
116.115263 40.044830
116.114894 40.044248
116.114560 40.043684
116.114096 40.042964
116.113836 40.042591
116.113545 40.042226
116.113181 40.041797
116.112846 40.041446
116.112174 40.040812
116.111953 40.040626
116.111601 40.040348
116.110082 40.039228
116.109566 40.038829
116.109236 40.038564
116.108941 40.038308
116.108534 40.037896
116.108191 40.037527
116.107696 40.036837
116.107522 40.036577
116.107284 40.036173
116.107232 40.036056
116.107032 40.035679
116.106950 40.035505
116.106707 40.034833
116.106568 40.034329
116.106460 40.033778
116.106430 40.033514
116.106391 40.033279
116.106330 40.032320
116.106318 40.032177
116.106318 40.032177
116.106279 40.031861
116.106105 40.030151
116.106018 40.029534
116.105914 40.028462
116.105806 40.027508
116.105762 40.027013
116.105698 40.026089
116.105698 40.025668
116.105723 40.025399
116.105762 40.025074
116.105814 40.024718
116.105827 40.024661
116.105827 40.024661
116.105914 40.024275
116.106200 40.023368
116.106447 40.022782
116.106638 40.022344
116.106859 40.021806
116.107050 40.021381
116.107050 40.021381
116.107606 40.020101
116.107857 40.019471
116.108252 40.018564
116.108504 40.017944
116.108504 40.017944
116.108872 40.017046
116.109888 40.014711
116.110335 40.013617
116.110613 40.012806
116.110734 40.012207
116.110795 40.011825
116.110825 40.011460
116.110825 40.010883
116.110778 40.010484
116.110665 40.009894
116.110526 40.009421
116.110444 40.009186
116.110183 40.008531
116.109984 40.008123
116.109728 40.007637
116.109511 40.007260
116.109199 40.006735
116.108591 40.005919
116.108279 40.005533
116.108279 40.005533
116.107901 40.005099
116.107545 40.004721
116.106994 40.004196
116.106994 40.004196
116.106330 40.003589
116.106187 40.003481
116.105884 40.003229
116.105363 40.002838
116.104816 40.002444
116.104061 40.001932
116.103710 40.001702
116.103250 40.001363
116.103250 40.001363
116.099665 39.999007
116.099665 39.999007
116.098606 39.998317
116.095707 39.996346
116.095051 39.995826
116.094500 39.995283
116.094500 39.995283
116.094088 39.994875
116.093958 39.994715
116.093754 39.994402
116.093741 39.994384
116.093359 39.993720
116.093268 39.993524
116.093181 39.993277
116.093056 39.992796
116.092956 39.992218
116.092908 39.991849
116.092896 39.991476
116.092896 39.991208
116.092908 39.991038
116.092939 39.990813
116.092939 39.990813
116.092991 39.990518
116.093047 39.990275
116.093090 39.990110
116.093181 39.989828
116.093320 39.989477
116.094036 39.988023
116.094505 39.987020
116.094505 39.987020
116.094700 39.986526
116.094731 39.986448
116.094787 39.986283
116.094822 39.986140
116.094822 39.986140
116.095012 39.985398
116.095151 39.983145
116.095195 39.982651
116.095251 39.982312
116.095333 39.981870
116.095364 39.981731
116.095416 39.981531
116.095606 39.980941
116.095736 39.980611
116.096109 39.979778
116.096769 39.978263
116.096769 39.978263
116.097094 39.977508
116.097485 39.976280
116.097637 39.975708
116.098513 39.972196
116.099086 39.969966
116.099247 39.969401
116.099398 39.968924
116.099541 39.968555
116.099741 39.968113
116.099858 39.967883
116.100009 39.967618
116.100235 39.967254
116.100413 39.966989
116.100686 39.966638
116.100916 39.966356
116.101207 39.966043
116.101398 39.965848
116.101862 39.965405
116.102304 39.965011
116.102760 39.964629
116.103949 39.963652
116.104943 39.962823
116.105585 39.962298
116.106093 39.961860
116.106813 39.961174
116.107416 39.960467
116.107642 39.960155
116.108084 39.959456
116.108831 39.958124
116.110007 39.955932
116.110376 39.955277
116.110809 39.954613
116.111065 39.954262
116.111464 39.953784
116.111890 39.953320
116.112232 39.952986
116.113508 39.951819
116.113851 39.951467
116.114285 39.950946
116.114524 39.950630
116.114966 39.949927
116.115161 39.949545
116.115322 39.949206
116.115513 39.948673
116.115573 39.948460
116.115573 39.948460
116.115591 39.948413
116.115760 39.947679
116.115855 39.947168
116.115916 39.946777
116.116484 39.942463
116.116484 39.942463
116.116558 39.941812
116.116957 39.939303
116.117108 39.938557
116.117108 39.938557
116.117291 39.937902
116.117395 39.937594
116.117616 39.937051
116.117616 39.937051
116.118067 39.936066
116.118288 39.935667
116.118440 39.935402
116.118527 39.935276
116.118527 39.935276
116.118843 39.934778
116.119095 39.934418
116.119477 39.933897
116.119998 39.933224
116.120009 39.933212
116.120117 39.932882
116.120117 39.932882
116.120269 39.932539
116.120381 39.932205
116.120429 39.931819
116.120420 39.931511
116.120351 39.931090
116.120329 39.930916
116.120333 39.930786
116.120368 39.930687
116.120429 39.930578
116.120494 39.930500
116.120619 39.930401
116.120741 39.930336
116.120875 39.930292
116.121027 39.930275
116.121144 39.930275
116.121274 39.930288
116.121465 39.930335
116.121586 39.930400
116.121708 39.930500
116.121777 39.930569
116.121868 39.930726
116.121942 39.930956
116.121998 39.931194
116.122033 39.931394
116.122080 39.931797
116.122098 39.932110
116.122080 39.932457
116.122028 39.932834
116.121911 39.933451
116.121907 39.933681
116.121907 39.933681
116.121881 39.933811
116.121881 39.933811
116.121860 39.933915
116.121782 39.934127
116.121730 39.934244
116.121600 39.934470
116.121601 39.934470
116.121502 39.934631
116.121458 39.934691
116.121419 39.934735
116.121298 39.934852
116.121298 39.934852
116.121189 39.934948
116.120916 39.935234
116.120916 39.935234
116.120794 39.935304
116.120686 39.935386
116.120421 39.935672
116.120200 39.935889
116.119736 39.936297
116.119489 39.936488
116.118981 39.936865
116.118156 39.937377
116.118070 39.937438
116.118005 39.937507
116.117944 39.937585
116.117905 39.937668
116.117879 39.937759
116.117879 39.937850
116.117905 39.937936
116.117944 39.938028
116.118005 39.938101
116.118078 39.938175
116.118165 39.938231
116.118269 39.938274
116.118408 39.938309
116.118408 39.938309
116.118603 39.938318
116.118712 39.938305
116.118824 39.938283
116.118981 39.938205
116.119102 39.938106
116.119202 39.937945
116.119223 39.937850
116.119206 39.937724
116.119163 39.937589
116.119063 39.937464
116.118985 39.937416
116.118942 39.937373
116.118729 39.937273
116.118230 39.937104
116.118230 39.937104
116.116308 39.936766
116.116308 39.936766
116.116256 39.936757
116.116256 39.936757
116.115705 39.936679
116.115705 39.936679
116.115471 39.936649
116.115471 39.936649
116.115341 39.936627
116.115341 39.936627
116.114968 39.936579
116.114968 39.936579
116.114195 39.936467
116.114195 39.936467
116.113822 39.936432
116.113822 39.936432
116.112846 39.936328
116.112843 39.936328
116.112439 39.936272
116.112114 39.936211
116.111944 39.936046
116.112144 39.935547
116.112144 39.935547
116.112270 39.935200
116.112270 39.935200
116.112730 39.933746
116.112730 39.933746
116.112899 39.933260
116.112899 39.933260
116.113385 39.931628
116.113385 39.931628
116.113432 39.931493
116.113432 39.931493
116.113623 39.930877
116.113623 39.930877
116.113684 39.930682
116.113684 39.930682
116.113818 39.930187
116.113818 39.930187
116.114039 39.929467
116.114039 39.929467
116.114209 39.928964
116.114209 39.928964
116.114452 39.928300
116.114452 39.928300
116.114599 39.927948
116.114599 39.927948
116.114734 39.927588
116.114734 39.927588
116.114790 39.927454
116.114790 39.927454
116.115137 39.926504
116.115137 39.926504
116.115194 39.926326
116.115254 39.926070
116.115284 39.925875
116.115284 39.925875
116.115276 39.925506
116.115276 39.925506
116.115224 39.925150
116.115224 39.925150
116.115011 39.923805
116.114925 39.923167
116.114925 39.923167
116.114916 39.923011
116.114851 39.922286
116.114851 39.922286
116.114834 39.922134
116.114812 39.922035
116.114148 39.921379
116.114040 39.921219
116.114040 39.921219
116.113910 39.920941
116.113880 39.920894
116.113880 39.920894
116.113815 39.920777
116.113689 39.920516
116.113689 39.920516
116.113585 39.919996
116.113585 39.919996
116.113424 39.918898
116.113424 39.918898
116.113342 39.918268
116.113342 39.918268
116.113303 39.918030
116.113303 39.918030
116.113164 39.917097
116.113082 39.916541
116.112974 39.915908
116.112974 39.915908
116.112813 39.915100
116.112648 39.914311
116.112648 39.914311
116.112340 39.912965
116.112258 39.912622
116.112257 39.912617
116.111189 39.912778
116.111098 39.912838
116.111038 39.912938
116.110990 39.913224
116.110947 39.913294
116.110778 39.913341
116.110596 39.913367
RouteInfo end
RouteInfo start
116.1105650 39.7052309
116.1106570 40.0674551
116.110564 39.704392
116.114631 39.704405
116.114631 39.704405
116.114965 39.705264
116.115012 39.705329
116.115134 39.705364
116.116071 39.705390
116.116132 39.705412
116.116171 39.705442
116.116201 39.705494
116.116154 39.706548
116.116141 39.707091
116.116141 39.707092
116.114353 39.706997
116.114353 39.706997
116.111432 39.706437
116.111432 39.706437
116.110135 39.706129
116.109579 39.706021
116.109289 39.705990
116.109085 39.705999
116.108460 39.706077
116.108161 39.706129
116.108161 39.706129
116.106954 39.706385
116.106863 39.706432
116.106750 39.706510
116.106659 39.706592
116.106590 39.706697
116.106590 39.706697
116.106481 39.707634
116.106390 39.709097
116.106369 39.709222
116.106330 39.709352
116.106217 39.709574
116.106117 39.709712
116.105978 39.709864
116.105827 39.710012
116.105384 39.710428
116.105384 39.710428
116.105271 39.710537
116.105271 39.710537
116.104959 39.710827
116.104577 39.711213
116.104447 39.711374
116.104369 39.711508
116.104334 39.711625
116.104295 39.711799
116.104248 39.712194
116.104166 39.713287
116.104166 39.713287
116.104114 39.714081
116.104105 39.714129
116.104105 39.714129
116.104075 39.714632
116.104075 39.714632
116.104053 39.714953
116.104053 39.714953
116.104006 39.715496
116.104006 39.715496
116.103984 39.716034
116.103988 39.716129
116.103988 39.716129
116.103997 39.716181
116.104044 39.716337
116.104144 39.716584
116.104278 39.716858
116.104539 39.717296
116.104539 39.717296
116.104729 39.717626
116.104851 39.717908
116.104911 39.718203
116.104929 39.718368
116.104929 39.718368
116.104941 39.718598
116.104941 39.718598
116.104950 39.718819
116.104941 39.719756
116.104963 39.720793
116.104963 39.720793
116.104963 39.720928
116.104963 39.720928
116.104972 39.721175
116.104969 39.721181
116.105503 39.721289
116.105503 39.721289
116.106527 39.721488
116.106527 39.721488
116.107404 39.721671
116.107404 39.721671
116.107738 39.721696
116.107929 39.721679
116.107929 39.721679
116.107976 39.721675
116.108189 39.721597
116.108289 39.721545
116.108579 39.721332
116.108581 39.721332
116.109206 39.720647
116.109206 39.720647
116.109427 39.720291
116.109518 39.720109
116.109557 39.720026
116.109587 39.719935
116.109630 39.719727
116.109669 39.719480
116.109691 39.719298
116.109730 39.718655
116.109730 39.718655
116.109617 39.717891
116.109509 39.717292
116.109409 39.716624
116.109335 39.715978
116.109118 39.714598
116.108550 39.711095
116.108290 39.709728
116.107999 39.708448
116.107596 39.707002
116.107122 39.705601
116.106841 39.704811
116.106428 39.703817
116.106428 39.703815
116.106298 39.703724
116.106098 39.703520
116.105873 39.703325
116.105652 39.703160
116.105431 39.703012
116.105131 39.702839
116.104819 39.702687
116.104254 39.702501
116.103981 39.702444
116.103430 39.702392
116.102927 39.702392
116.102636 39.702414
116.102402 39.702453
116.101716 39.702644
116.101465 39.702748
116.101235 39.702869
116.101035 39.702978
116.100410 39.703364
116.100410 39.703364
116.099838 39.703902
116.099421 39.704331
116.099321 39.704436
116.099052 39.704735
116.098788 39.705065
116.098245 39.705772
116.097750 39.706505
116.097338 39.707252
116.097099 39.707768
116.096787 39.708510
116.096596 39.709048
116.096344 39.710068
116.096271 39.710454
116.096210 39.710866
116.096154 39.711330
116.096154 39.711330
116.096102 39.711764
116.096072 39.712246
116.096072 39.712246
116.096041 39.712762
116.096002 39.713978
116.095924 39.717549
116.095924 39.717549
116.095912 39.718769
116.095860 39.720718
116.095834 39.721937
116.095821 39.723495
116.095821 39.723495
116.095843 39.725109
116.095903 39.726221
116.095994 39.727206
116.095994 39.727206
116.096033 39.727566
116.096033 39.727566
116.096142 39.728486
116.096142 39.728486
116.096176 39.728733
116.096176 39.728733
116.096367 39.729948
116.096523 39.730807
116.096918 39.732587
116.096918 39.732587
116.097070 39.733238
116.097178 39.733619
116.097178 39.733619
116.097412 39.734457
116.097651 39.735229
116.097651 39.735229
116.097916 39.736011
116.098002 39.736288
116.098002 39.736288
116.098106 39.736644
116.098258 39.737200
116.098258 39.737200
116.098328 39.737447
116.098518 39.738211
116.098679 39.738962
116.098831 39.739756
116.099008 39.740784
116.099191 39.742160
116.099455 39.744035
116.099525 39.744495
116.099724 39.746001
116.099898 39.747216
116.100067 39.748453
116.100197 39.749330
116.100340 39.750363
116.100401 39.750805
116.100461 39.751317
116.100461 39.751317
116.100509 39.751591
116.100548 39.751881
116.100617 39.752311
116.100921 39.754489
116.101324 39.757441
116.101324 39.757441
116.101576 39.759250
116.101576 39.759250
116.101667 39.759932
116.101888 39.761394
116.101888 39.761394
116.102066 39.762835
116.102118 39.763659
116.102148 39.764258
116.102200 39.765747
116.102187 39.766133
116.102187 39.766133
116.102161 39.766780
116.102161 39.766780
116.102161 39.767096
116.102161 39.767096
116.102140 39.769071
116.102140 39.769071
116.102148 39.769553
116.102170 39.769939
116.102187 39.770464
116.102339 39.771262
116.102473 39.771744
116.102694 39.772417
116.102976 39.773059
116.103345 39.773788
116.103801 39.774508
116.103952 39.774717
116.103952 39.774717
116.104352 39.775259
116.104352 39.775259
116.104495 39.775463
116.104998 39.775914
116.105532 39.776435
116.106113 39.776921
116.106725 39.777390
116.107823 39.778067
116.109576 39.779069
116.109576 39.779069
116.110088 39.779351
116.110088 39.779351
116.110600 39.779629
116.110965 39.779846
116.110965 39.779846
116.111538 39.780202
116.112223 39.780649
116.113048 39.781296
116.113772 39.781908
116.114336 39.782493
116.114788 39.782971
116.115304 39.783591
116.115647 39.784025
116.116038 39.784615
116.116259 39.784997
116.116259 39.784997
116.116493 39.785409
116.116822 39.786043
116.117083 39.786655
116.117174 39.786833
116.117174 39.786833
116.117538 39.787744
116.117538 39.787744
116.117799 39.788491
116.118050 39.789272
116.118159 39.789628
116.118159 39.789628
116.118271 39.789992
116.118271 39.789992
116.118506 39.790929
116.118727 39.791967
116.118727 39.791967
116.118774 39.792231
116.118774 39.792231
116.118856 39.792726
116.118904 39.793043
116.118904 39.793043
116.118995 39.793720
116.118995 39.793720
116.119069 39.794631
116.119069 39.794631
116.119138 39.795660
116.119164 39.796445
116.119168 39.797400
116.119125 39.799631
116.119133 39.800620
116.119133 39.802729
116.119168 39.803775
116.119259 39.804786
116.119350 39.805637
116.119467 39.806396
116.119728 39.807755
116.119979 39.808974
116.120292 39.810172
116.120292 39.810172
116.120695 39.811695
116.120864 39.812494
116.120895 39.812685
116.120895 39.812685
116.120977 39.813227
116.120977 39.813227
116.121046 39.813700
116.121046 39.813700
116.121068 39.813956
116.121098 39.814499
116.121098 39.814499
116.121116 39.814655
116.121107 39.815783
116.121020 39.816642
116.120916 39.817467
116.120734 39.818421
116.120517 39.819189
116.120326 39.819797
116.120001 39.820639
116.120001 39.820639
116.119780 39.821160
116.119437 39.821884
116.119068 39.822531
116.118400 39.823642
116.117545 39.825031
116.117072 39.825782
116.116751 39.826385
116.116447 39.827101
116.116056 39.828143
116.115905 39.828655
116.115722 39.829392
116.115553 39.830191
116.115480 39.830816
116.115410 39.831571
116.115410 39.831571
116.115393 39.832404
116.115415 39.832869
116.115415 39.832869
116.115423 39.833159
116.115441 39.833341
116.115441 39.833341
116.115462 39.833558
116.115544 39.834192
116.115636 39.834669
116.115636 39.834669
116.115774 39.835285
116.116104 39.836366
116.116347 39.836999
116.116581 39.837572
116.116963 39.838336
116.117315 39.838952
116.117414 39.839100
116.117414 39.839100
116.118187 39.840258
116.118543 39.840718
116.118994 39.841261
116.119064 39.841334
116.119064 39.841334
116.119667 39.842003
116.120205 39.842562
116.120205 39.842562
116.122358 39.844793
116.123998 39.846464
116.124996 39.847471
116.128156 39.850696
116.130343 39.852966
116.131276 39.853907
116.131276 39.853907
116.132144 39.854723
116.133091 39.855513
116.133893 39.856133
116.133893 39.856133
116.135282 39.857184
116.135282 39.857184
116.135638 39.857483
116.136267 39.858060
116.136267 39.858060
116.136410 39.858190
116.136844 39.858654
116.137296 39.859171
116.137669 39.859644
116.137990 39.860078
116.138315 39.860568
116.138744 39.861306
116.138996 39.861796
116.139187 39.862191
116.139187 39.862191
116.139391 39.862724
116.139612 39.863362
116.139781 39.863965
116.139851 39.864265
116.139851 39.864265
116.139920 39.864612
116.140002 39.865176
116.140054 39.865658
116.140084 39.866122
116.140123 39.867732
116.140123 39.867732
116.140162 39.868122
116.140206 39.868444
116.140284 39.868856
116.140414 39.869338
116.140596 39.869867
116.140717 39.870158
116.140895 39.870522
116.141047 39.870791
116.141251 39.871129
116.141420 39.871381
116.141841 39.871928
116.142288 39.872401
116.142648 39.872765
116.144501 39.874531
116.144761 39.874813
116.144761 39.874813
116.145156 39.875252
116.145516 39.875677
116.145819 39.876059
116.146184 39.876558
116.146531 39.877096
116.146817 39.877569
116.147108 39.878085
116.147411 39.878706
116.147641 39.879244
116.147984 39.880177
116.148488 39.881800
116.148709 39.882403
116.148869 39.882811
116.148884 39.882838
116.148941 39.882968
116.149266 39.883715
116.149474 39.884166
116.149696 39.884600
116.149696 39.884600
116.150212 39.885546
116.150533 39.886058
116.150746 39.886383
116.150746 39.886383
116.151006 39.886796
116.151930 39.888054
116.152486 39.888883
116.152486 39.888883
116.152746 39.889312
116.152967 39.889742
116.152967 39.889742
116.153080 39.890037
116.153080 39.890037
116.153262 39.890488
116.153431 39.891000
116.153553 39.891521
116.153635 39.891951
116.153696 39.892437
116.153696 39.892437
116.153726 39.892775
116.153734 39.893209
116.153726 39.893526
116.153713 39.893716
116.153666 39.894124
116.153605 39.894523
116.153605 39.894523
116.153536 39.894871
116.153310 39.895639
116.153141 39.896116
116.152911 39.896645
116.152698 39.897053
116.152486 39.897422
116.152095 39.898003
116.144040 39.909527
116.143163 39.910655
116.142551 39.911410
116.141805 39.912265
116.141063 39.913064
116.140334 39.913828
116.138988 39.915129
116.135916 39.918033
116.135916 39.918033
116.131293 39.922395
116.131293 39.922395
116.129705 39.923905
116.129141 39.924439
116.129028 39.924534
116.129028 39.924534
116.126133 39.927286
116.126133 39.927286
116.125717 39.927676
116.125022 39.928358
116.125022 39.928358
116.123512 39.929777
116.123512 39.929777
116.122136 39.931066
116.122136 39.931066
116.121884 39.931304
116.121238 39.931977
116.120331 39.932992
116.120331 39.932992
116.120023 39.933379
116.120023 39.933379
116.119437 39.934142
116.118981 39.934811
116.118612 39.935366
116.118200 39.936104
116.117758 39.937059
116.117758 39.937059
116.117463 39.937836
116.117242 39.938578
116.117242 39.938578
116.117081 39.939298
116.116929 39.940105
116.116782 39.941055
116.116600 39.942457
116.116600 39.942457
116.116044 39.946845
116.115923 39.947634
116.115771 39.948316
116.115771 39.948316
116.115654 39.948698
116.115554 39.948976
116.115281 39.949609
116.115077 39.949995
116.114860 39.950338
116.114639 39.950668
116.114292 39.951136
116.113923 39.951557
116.113381 39.952095
116.112352 39.953041
116.111896 39.953484
116.111398 39.954031
116.111124 39.954373
116.110821 39.954790
116.110317 39.955632
116.109896 39.956383
116.108959 39.958149
116.108577 39.958869
116.108264 39.959429
116.107996 39.959881
116.107740 39.960271
116.107180 39.960966
116.106915 39.961269
116.106625 39.961556
116.106212 39.961946
116.102788 39.964759
116.101964 39.965466
116.101391 39.966026
116.100939 39.966529
116.100553 39.967019
116.100354 39.967319
116.100150 39.967661
116.099890 39.968152
116.099681 39.968594
116.099478 39.969219
116.099399 39.969466
116.099265 39.969996
116.098362 39.973568
116.098158 39.974353
116.098011 39.974935
116.097607 39.976449
116.097434 39.977031
116.097273 39.977526
116.096952 39.978311
116.096952 39.978311
116.096679 39.978919
116.096258 39.979787
116.095945 39.980451
116.095776 39.980858
116.095633 39.981258
116.095472 39.981817
116.095381 39.982321
116.095321 39.982754
116.095299 39.983067
116.095243 39.984000
116.095221 39.984690
116.095169 39.985362
116.095100 39.985744
116.095018 39.986161
116.095018 39.986161
116.094879 39.986595
116.094688 39.987098
116.094688 39.987098
116.094475 39.987562
116.093651 39.989177
116.093482 39.989568
116.093391 39.989793
116.093317 39.990032
116.093248 39.990266
116.093191 39.990496
116.093156 39.990674
116.093131 39.990830
116.093131 39.990830
116.093087 39.991459
116.093087 39.991836
116.093109 39.992171
116.093118 39.992327
116.093139 39.992466
116.093209 39.992778
116.093352 39.993238
116.093451 39.993477
116.093560 39.993698
116.093694 39.993971
116.093894 39.994305
116.093894 39.994305
116.093993 39.994466
116.094115 39.994618
116.094228 39.994774
116.094588 39.995181
116.094588 39.995181
116.094831 39.995433
116.095173 39.995728
116.095802 39.996214
116.096783 39.996891
116.098793 39.998211
116.099761 39.998853
116.099761 39.998853
116.100255 39.999204
116.101852 40.000272
116.103454 40.001326
116.103454 40.001326
116.103788 40.001586
116.104131 40.001808
116.104686 40.002189
116.105628 40.002858
116.106222 40.003318
116.106678 40.003708
116.107060 40.004056
116.107142 40.004129
116.107402 40.004381
116.107402 40.004381
116.107615 40.004589
116.108075 40.005079
116.108435 40.005496
116.108621 40.005743
116.108621 40.005743
116.108860 40.006043
116.109172 40.006468
116.109463 40.006911
116.109784 40.007436
116.110049 40.007930
116.110261 40.008369
116.110482 40.008889
116.110643 40.009328
116.110795 40.009836
116.110903 40.010365
116.110933 40.010625
116.110955 40.010899
116.110955 40.011224
116.110951 40.011476
116.110925 40.011784
116.110860 40.012304
116.110812 40.012534
116.110730 40.012847
116.110544 40.013376
116.110019 40.014648
116.109225 40.016514
116.109042 40.016966
116.108639 40.017899
116.108639 40.017899
116.107159 40.021392
116.107159 40.021392
116.106603 40.022734
116.106452 40.023094
116.106374 40.023254
116.106174 40.023818
116.105962 40.024639
116.105962 40.024639
116.105944 40.024704
116.105901 40.024986
116.105854 40.025350
116.105841 40.025901
116.105854 40.026526
116.105932 40.027325
116.106010 40.028028
116.106174 40.029742
116.106235 40.030280
116.106417 40.032155
116.106417 40.032155
116.106534 40.033257
116.106586 40.033700
116.106656 40.034047
116.106686 40.034203
116.106764 40.034502
116.106838 40.034763
116.107028 40.035301
116.107180 40.035678
116.107471 40.036234
116.107601 40.036446
116.107800 40.036750
116.108117 40.037184
116.108338 40.037466
116.108776 40.037939
116.108967 40.038121
116.109392 40.038503
116.109566 40.038655
116.109913 40.038924
116.111141 40.039818
116.111918 40.040416
116.112300 40.040733
116.112656 40.041063
116.113094 40.041492
116.113498 40.041939
116.113671 40.042152
116.113953 40.042508
116.114152 40.042785
116.114434 40.043215
116.114604 40.043479
116.115320 40.044686
116.115320 40.044686
116.115554 40.045063
116.115551 40.045091
116.117187 40.046684
116.117261 40.046749
116.117412 40.046862
116.117612 40.046953
116.117720 40.046988
116.117802 40.047000
116.117972 40.047000
116.118067 40.046983
116.118223 40.046936
116.118344 40.046879
116.118444 40.046806
116.118518 40.046714
116.118565 40.046649
116.118600 40.046528
116.118600 40.046446
116.118578 40.046351
116.118539 40.046255
116.118396 40.046021
116.118396 40.046021
116.117802 40.045709
116.117804 40.045707
116.117482 40.045486
116.117209 40.045308
116.116871 40.045165
116.116628 40.045122
116.116506 40.045122
116.116272 40.045157
116.115925 40.045256
116.115287 40.045473
116.115287 40.045473
116.114050 40.045899
116.113968 40.045907
116.113967 40.045907
116.114353 40.046462
116.114509 40.046758
116.114531 40.046818
116.114613 40.046987
116.114726 40.047252
116.114826 40.047534
116.114851 40.047638
116.114873 40.047768
116.114882 40.047876
116.114882 40.048006
116.114882 40.048006
116.114882 40.048228
116.114886 40.048340
116.114903 40.048440
116.114925 40.048514
116.114925 40.048514
116.114955 40.048600
116.114994 40.048674
116.115154 40.048952
116.115185 40.049034
116.115206 40.049108
116.115224 40.049190
116.115215 40.049354
116.115163 40.049658
116.115146 40.049879
116.115154 40.049983
116.115167 40.050096
116.115198 40.050248
116.115267 40.050573
116.115314 40.050751
116.115314 40.050751
116.115345 40.050890
116.115484 40.051315
116.115527 40.051493
116.115557 40.051675
116.115596 40.051844
116.115670 40.052126
116.115739 40.052291
116.115739 40.052291
116.116008 40.052668
116.116051 40.052746
116.116090 40.052833
116.116251 40.053306
116.116459 40.054057
116.116494 40.054152
116.116497 40.054158
116.116606 40.054783
116.116714 40.055534
116.116900 40.056276
116.116918 40.057096
116.116939 40.057525
116.116965 40.057577
116.116965 40.057577
116.117217 40.058102
116.117218 40.058103
116.117382 40.058198
116.117400 40.058224
116.117430 40.058515
116.117430 40.058571
116.117430 40.058571
116.117452 40.058957
116.117482 40.059339
116.117499 40.059508
116.117551 40.059673
116.117590 40.059838
116.117590 40.060016
116.117521 40.060384
116.117503 40.060541
116.117482 40.060658
116.117542 40.060679
116.117603 40.060683
116.117604 40.060686
116.117626 40.060759
116.117643 40.060854
116.117673 40.060954
116.117673 40.060954
116.117691 40.061036
116.117721 40.061670
116.117664 40.062273
116.117664 40.062381
116.117690 40.062455
116.117690 40.062455
116.117694 40.062546
116.117682 40.062641
116.117656 40.062724
116.117595 40.063032
116.117552 40.063153
116.117552 40.063153
116.117470 40.063335
116.117170 40.063691
116.117079 40.063921
116.117079 40.063921
116.117010 40.064042
116.116971 40.064186
116.116932 40.064385
116.116841 40.064671
116.116746 40.065014
116.116576 40.065995
116.116559 40.066273
116.116558 40.066276
116.115256 40.066202
116.115018 40.066211
116.114696 40.066189
116.114696 40.066189
116.114540 40.066176
116.113876 40.066081
116.112618 40.066003
116.111038 40.065821
116.110817 40.065808
RouteInfo end
RouteInfo start
116.1107790 39.8971008
116.1108700 39.9083011
116.110759 39.896992
116.110508 39.897018
116.110508 39.897018
116.110616 39.897599
116.110668 39.898007
116.110668 39.898007
116.110789 39.899157
116.110789 39.899157
116.110937 39.900641
116.111028 39.901501
116.111028 39.901501
116.111271 39.903796
116.111271 39.903796
116.111349 39.904556
116.111423 39.905298
116.111453 39.905515
116.111492 39.905962
116.111263 39.906107
116.110907 39.906176
116.110417 39.906250
116.110417 39.906250
116.108177 39.906671
116.108177 39.906671
116.106979 39.906905
116.106979 39.906905
116.106983 39.907161
116.106983 39.907578
116.106983 39.907578
116.106983 39.907729
116.106992 39.907872
116.106992 39.907872
116.107001 39.908124
116.107001 39.908124
116.107022 39.908528
116.107022 39.908528
116.107031 39.908641
116.107031 39.908641
116.107031 39.908710
116.107044 39.908888
116.107082 39.909200
116.107083 39.909201
116.107161 39.909128
116.107222 39.909089
116.107265 39.909080
116.107664 39.909059
116.108550 39.909037
116.108550 39.909037
116.109305 39.909015
116.109348 39.909019
116.109378 39.909084
116.109409 39.909136
116.109439 39.909162
116.109440 39.909162
116.110456 39.909093
116.110456 39.909093
116.110382 39.908867
116.110382 39.908867
116.110356 39.908733
116.110356 39.908733
116.110326 39.908199
116.110325 39.908199
116.110698 39.908186
116.110698 39.908186
116.110868 39.908173
RouteInfo end
RouteInfo start
116.1109620 39.7029421
116.1110840 39.8811702
116.110950 39.704397
116.114631 39.704405
116.114631 39.704405
116.114965 39.705264
116.115012 39.705329
116.115134 39.705364
116.116071 39.705390
116.116132 39.705412
116.116171 39.705442
116.116201 39.705494
116.116154 39.706548
116.116141 39.707091
116.116141 39.707092
116.114353 39.706997
116.114353 39.706997
116.111432 39.706437
116.111432 39.706437
116.110135 39.706129
116.109579 39.706021
116.109289 39.705990
116.109085 39.705999
116.108460 39.706077
116.108161 39.706129
116.108161 39.706129
116.106954 39.706385
116.106863 39.706432
116.106750 39.706510
116.106659 39.706592
116.106590 39.706697
116.106590 39.706697
116.106481 39.707634
116.106390 39.709097
116.106369 39.709222
116.106330 39.709352
116.106217 39.709574
116.106117 39.709712
116.105978 39.709864
116.105827 39.710012
116.105384 39.710428
116.105384 39.710428
116.105271 39.710537
116.105271 39.710537
116.104959 39.710827
116.104577 39.711213
116.104447 39.711374
116.104369 39.711508
116.104334 39.711625
116.104295 39.711799
116.104248 39.712194
116.104166 39.713287
116.104166 39.713287
116.104114 39.714081
116.104105 39.714129
116.104105 39.714129
116.104075 39.714632
116.104075 39.714632
116.104053 39.714953
116.104053 39.714953
116.104006 39.715496
116.104006 39.715496
116.103984 39.716034
116.103988 39.716129
116.103988 39.716129
116.103997 39.716181
116.104044 39.716337
116.104144 39.716584
116.104278 39.716858
116.104539 39.717296
116.104539 39.717296
116.104729 39.717626
116.104851 39.717908
116.104911 39.718203
116.104929 39.718368
116.104929 39.718368
116.104941 39.718598
116.104941 39.718598
116.104950 39.718819
116.104941 39.719756
116.104963 39.720793
116.104963 39.720793
116.104963 39.720928
116.104963 39.720928
116.104972 39.721175
116.104969 39.721181
116.105503 39.721289
116.105503 39.721289
116.106527 39.721488
116.106527 39.721488
116.107404 39.721671
116.107404 39.721671
116.107738 39.721696
116.107929 39.721679
116.107929 39.721679
116.107976 39.721675
116.108189 39.721597
116.108289 39.721545
116.108579 39.721332
116.108581 39.721332
116.109206 39.720647
116.109206 39.720647
116.109427 39.720291
116.109518 39.720109
116.109557 39.720026
116.109587 39.719935
116.109630 39.719727
116.109669 39.719480
116.109691 39.719298
116.109730 39.718655
116.109730 39.718655
116.109617 39.717891
116.109509 39.717292
116.109409 39.716624
116.109335 39.715978
116.109118 39.714598
116.108550 39.711095
116.108290 39.709728
116.107999 39.708448
116.107596 39.707002
116.107122 39.705601
116.106841 39.704811
116.106428 39.703817
116.106428 39.703815
116.106298 39.703724
116.106098 39.703520
116.105873 39.703325
116.105652 39.703160
116.105431 39.703012
116.105131 39.702839
116.104819 39.702687
116.104254 39.702501
116.103981 39.702444
116.103430 39.702392
116.102927 39.702392
116.102636 39.702414
116.102402 39.702453
116.101716 39.702644
116.101465 39.702748
116.101235 39.702869
116.101035 39.702978
116.100410 39.703364
116.100410 39.703364
116.099838 39.703902
116.099421 39.704331
116.099321 39.704436
116.099052 39.704735
116.098788 39.705065
116.098245 39.705772
116.097750 39.706505
116.097338 39.707252
116.097099 39.707768
116.096787 39.708510
116.096596 39.709048
116.096344 39.710068
116.096271 39.710454
116.096210 39.710866
116.096154 39.711330
116.096154 39.711330
116.096102 39.711764
116.096072 39.712246
116.096072 39.712246
116.096041 39.712762
116.096002 39.713978
116.095924 39.717549
116.095924 39.717549
116.095912 39.718769
116.095860 39.720718
116.095834 39.721937
116.095821 39.723495
116.095821 39.723495
116.095843 39.725109
116.095903 39.726221
116.095994 39.727206
116.095994 39.727206
116.096033 39.727566
116.096033 39.727566
116.096142 39.728486
116.096142 39.728486
116.096176 39.728733
116.096176 39.728733
116.096367 39.729948
116.096523 39.730807
116.096918 39.732587
116.096918 39.732587
116.097070 39.733238
116.097178 39.733619
116.097178 39.733619
116.097412 39.734457
116.097651 39.735229
116.097651 39.735229
116.097916 39.736011
116.098002 39.736288
116.098002 39.736288
116.098106 39.736644
116.098258 39.737200
116.098258 39.737200
116.098328 39.737447
116.098518 39.738211
116.098679 39.738962
116.098831 39.739756
116.099008 39.740784
116.099191 39.742160
116.099455 39.744035
116.099525 39.744495
116.099724 39.746001
116.099898 39.747216
116.100067 39.748453
116.100197 39.749330
116.100340 39.750363
116.100401 39.750805
116.100461 39.751317
116.100461 39.751317
116.100509 39.751591
116.100548 39.751881
116.100617 39.752311
116.100921 39.754489
116.101324 39.757441
116.101324 39.757441
116.101576 39.759250
116.101576 39.759250
116.101667 39.759932
116.101888 39.761394
116.101888 39.761394
116.102066 39.762835
116.102118 39.763659
116.102148 39.764258
116.102200 39.765747
116.102187 39.766133
116.102187 39.766133
116.102161 39.766780
116.102161 39.766780
116.102161 39.767096
116.102161 39.767096
116.102140 39.769071
116.102140 39.769071
116.102148 39.769553
116.102170 39.769939
116.102187 39.770464
116.102339 39.771262
116.102473 39.771744
116.102694 39.772417
116.102976 39.773059
116.103345 39.773788
116.103801 39.774508
116.103952 39.774717
116.103952 39.774717
116.104352 39.775259
116.104352 39.775259
116.104495 39.775463
116.104998 39.775914
116.105532 39.776435
116.106113 39.776921
116.106725 39.777390
116.107823 39.778067
116.109576 39.779069
116.109576 39.779069
116.110088 39.779351
116.110088 39.779351
116.110600 39.779629
116.110965 39.779846
116.110965 39.779846
116.111538 39.780202
116.112223 39.780649
116.113048 39.781296
116.113772 39.781908
116.114336 39.782493
116.114788 39.782971
116.115304 39.783591
116.115647 39.784025
116.116038 39.784615
116.116259 39.784997
116.116259 39.784997
116.116493 39.785409
116.116822 39.786043
116.117083 39.786655
116.117174 39.786833
116.117174 39.786833
116.117538 39.787744
116.117538 39.787744
116.117799 39.788491
116.118050 39.789272
116.118159 39.789628
116.118159 39.789628
116.118271 39.789992
116.118271 39.789992
116.118506 39.790929
116.118727 39.791967
116.118727 39.791967
116.118774 39.792231
116.118774 39.792231
116.118856 39.792726
116.118904 39.793043
116.118904 39.793043
116.118995 39.793720
116.118995 39.793720
116.119069 39.794631
116.119069 39.794631
116.119138 39.795660
116.119164 39.796445
116.119168 39.797400
116.119125 39.799631
116.119133 39.800620
116.119133 39.802729
116.119168 39.803775
116.119259 39.804786
116.119350 39.805637
116.119467 39.806396
116.119728 39.807755
116.119979 39.808974
116.120292 39.810172
116.120292 39.810172
116.120695 39.811695
116.120864 39.812494
116.120895 39.812685
116.120895 39.812685
116.120977 39.813227
116.120977 39.813227
116.121046 39.813700
116.121046 39.813700
116.121068 39.813956
116.121098 39.814499
116.121098 39.814499
116.121116 39.814655
116.121107 39.815783
116.121020 39.816642
116.120916 39.817467
116.120734 39.818421
116.120517 39.819189
116.120326 39.819797
116.120001 39.820639
116.120001 39.820639
116.119780 39.821160
116.119437 39.821884
116.119068 39.822531
116.118400 39.823642
116.117545 39.825031
116.117072 39.825782
116.116751 39.826385
116.116447 39.827101
116.116056 39.828143
116.115905 39.828655
116.115722 39.829392
116.115553 39.830191
116.115480 39.830816
116.115410 39.831571
116.115410 39.831571
116.115393 39.832404
116.115415 39.832869
116.115421 39.832886
116.115499 39.833120
116.115529 39.833259
116.115642 39.833888
116.115720 39.834240
116.115850 39.834687
116.115850 39.834687
116.115971 39.835086
116.116644 39.836422
116.116645 39.836424
116.117361 39.837947
116.117400 39.838038
116.117400 39.838038
116.117482 39.838008
116.118098 39.837843
116.118528 39.837761
116.118727 39.837765
116.118727 39.837765
116.118862 39.837748
116.119022 39.837739
116.119374 39.837748
116.119374 39.837748
116.122021 39.838368
116.122538 39.838464
116.122828 39.838529
116.122899 39.838542
116.122444 39.839141
116.122444 39.839141
116.122335 39.839275
116.122023 39.839622
116.122023 39.839622
116.121602 39.840082
116.121481 39.840169
116.121481 39.840169
116.120734 39.840972
116.120734 39.840972
116.120179 39.841575
116.119506 39.842330
116.119055 39.842746
116.118165 39.843484
116.118065 39.843601
116.118065 39.843601
116.118009 39.843740
116.118005 39.843874
116.118009 39.843935
116.118069 39.844091
116.118156 39.844265
116.118399 39.844707
116.118451 39.844916
116.118451 39.844989
116.118451 39.845024
116.118447 39.845059
116.118417 39.845132
116.118417 39.845132
116.118408 39.845171
116.118169 39.845657
116.118169 39.845657
116.118057 39.845887
116.117805 39.846421
116.117697 39.846720
116.117658 39.847159
116.117675 39.847289
116.117736 39.847610
116.118669 39.851112
116.118669 39.851112
116.118712 39.851294
116.118729 39.851429
116.118733 39.851607
116.118690 39.852262
116.118673 39.852331
116.118642 39.852405
116.118599 39.852470
116.118530 39.852544
116.118378 39.852630
116.118378 39.852630
116.118148 39.852682
116.117775 39.852734
116.117775 39.852734
116.117302 39.852838
116.116920 39.852973
116.116629 39.853094
116.115866 39.853385
116.115492 39.853511
116.115492 39.853511
116.115080 39.853636
116.114837 39.853693
116.114586 39.853728
116.114586 39.853728
116.113388 39.853879
116.113388 39.853879
116.111643 39.854105
116.111643 39.854105
116.110510 39.854309
116.110276 39.854378
116.110024 39.854473
116.109764 39.854621
116.109391 39.854907
116.108462 39.855680
116.106483 39.857416
116.106071 39.857767
116.105967 39.857889
116.105919 39.857971
116.105889 39.858044
116.105876 39.858105
116.105859 39.858239
116.105876 39.858313
116.105937 39.858621
116.106228 39.859650
116.106262 39.859806
116.106279 39.859979
116.106279 39.860075
116.106232 39.860274
116.105433 39.861854
116.105433 39.861854
116.105377 39.862114
116.105377 39.862209
116.105386 39.862374
116.105446 39.862847
116.105446 39.862847
116.105463 39.863038
116.105476 39.863389
116.105454 39.863589
116.105437 39.863645
116.105346 39.863806
116.105194 39.864005
116.104843 39.864404
116.104730 39.864556
116.104670 39.864699
116.104639 39.864851
116.104570 39.865437
116.104557 39.865628
116.104570 39.865814
116.104592 39.865896
116.104652 39.866035
116.104691 39.866087
116.104761 39.866156
116.104761 39.866156
116.104799 39.866195
116.104921 39.866286
116.105285 39.866490
116.105437 39.866551
116.105437 39.866551
116.105758 39.866785
116.105806 39.866837
116.105858 39.866919
116.105896 39.867006
116.105918 39.867097
116.105935 39.867205
116.105935 39.867262
116.105836 39.868021
116.105797 39.868711
116.105805 39.868772
116.105805 39.868772
116.105818 39.869249
116.105866 39.869544
116.105987 39.870034
116.106026 39.870221
116.106017 39.870346
116.105987 39.870459
116.105926 39.870568
116.105605 39.871032
116.105553 39.871118
116.105532 39.871222
116.105553 39.871309
116.105614 39.871387
116.105644 39.871409
116.105735 39.871444
116.105787 39.871456
116.106477 39.871508
116.107011 39.871573
116.107436 39.871638
116.107727 39.871708
116.107809 39.871751
116.107917 39.871833
116.107991 39.871942
116.108060 39.872054
116.108182 39.872349
116.108182 39.872349
116.108238 39.872497
116.108268 39.872627
116.108272 39.872692
116.108303 39.873017
116.108303 39.873034
116.107878 39.873758
116.107878 39.873759
116.108754 39.874318
116.108962 39.874509
116.109114 39.874704
116.109340 39.875017
116.109405 39.875086
116.109448 39.875160
116.109478 39.875268
116.109478 39.875333
116.109470 39.875372
116.109457 39.875450
116.109435 39.875580
116.109418 39.875641
116.109418 39.875688
116.109418 39.875688
116.109409 39.875719
116.109418 39.875766
116.109427 39.875801
116.109470 39.875905
116.109531 39.876074
116.109531 39.876074
116.109556 39.876131
116.109656 39.876452
116.109686 39.876603
116.109717 39.876885
116.109821 39.878144
116.109851 39.878270
116.109890 39.878335
116.109938 39.878395
116.110002 39.878452
116.110081 39.878491
116.110797 39.878768
116.111452 39.878994
116.112567 39.879293
116.112788 39.879332
116.114095 39.879371
116.114097 39.879375
116.115178 39.878086
116.115178 39.878086
116.115199 39.878056
116.115941 39.877943
116.117000 39.877804
116.118024 39.877999
116.118254 39.878251
116.118255 39.878251
116.118086 39.878554
116.116949 39.879001
116.116446 39.879470
116.116697 39.880026
116.117812 39.880581
116.117782 39.880915
116.116302 39.881058
116.115751 39.881054
116.114614 39.881471
116.113447 39.881670
116.113173 39.881866
RouteInfo end
RouteInfo start
116.1111760 39.7933074
116.1112670 39.8457076
116.111172 39.793307
116.111805 39.793307
116.112135 39.793311
116.112799 39.793355
116.113124 39.793385
116.114895 39.793628
116.114895 39.793628
116.115668 39.793728
116.116123 39.793780
116.116124 39.793780
116.116081 39.792131
116.116081 39.792131
116.116141 39.791293
116.116163 39.791150
116.116223 39.790864
116.116224 39.790864
116.116276 39.790751
116.116354 39.790616
116.116497 39.790452
116.116688 39.790322
116.117018 39.790192
116.117864 39.789879
116.117864 39.789879
116.119040 39.789445
116.119183 39.789385
116.119282 39.789324
116.119334 39.789281
116.119382 39.789238
116.119482 39.789103
116.119512 39.789016
116.119516 39.788969
116.119512 39.788843
116.119503 39.788791
116.119486 39.788748
116.119412 39.788626
116.119352 39.788566
116.119235 39.788479
116.119161 39.788440
116.119001 39.788388
116.118853 39.788371
116.118762 39.788375
116.118689 39.788384
116.118528 39.788423
116.118381 39.788488
116.118285 39.788557
116.118207 39.788648
116.118177 39.788709
116.118147 39.788778
116.118116 39.788878
116.118108 39.788934
116.118164 39.789642
116.118164 39.789642
116.118277 39.790006
116.118277 39.790006
116.118511 39.790944
116.118732 39.791981
116.118732 39.791981
116.118780 39.792246
116.118780 39.792246
116.118862 39.792740
116.118909 39.793057
116.118909 39.793057
116.119001 39.793734
116.119001 39.793734
116.119074 39.794645
116.119074 39.794645
116.119144 39.795674
116.119169 39.796459
116.119174 39.797414
116.119130 39.799645
116.119139 39.800634
116.119139 39.802744
116.119174 39.803789
116.119265 39.804801
116.119356 39.805651
116.119473 39.806411
116.119733 39.807769
116.119985 39.808988
116.120297 39.810186
116.120297 39.810186
116.120701 39.811709
116.120870 39.812508
116.120900 39.812699
116.120900 39.812699
116.120982 39.813241
116.120982 39.813241
116.121052 39.813714
116.121052 39.813714
116.121074 39.813970
116.121104 39.814513
116.121104 39.814513
116.121121 39.814669
116.121112 39.815797
116.121026 39.816656
116.120922 39.817481
116.120739 39.818436
116.120522 39.819204
116.120332 39.819811
116.120006 39.820653
116.120006 39.820653
116.119785 39.821174
116.119442 39.821899
116.119074 39.822545
116.118405 39.823656
116.117550 39.825045
116.117077 39.825796
116.116756 39.826399
116.116452 39.827115
116.116062 39.828157
116.115910 39.828669
116.115728 39.829407
116.115559 39.830205
116.115485 39.830830
116.115416 39.831585
116.115416 39.831585
116.115399 39.832419
116.115420 39.832883
116.115421 39.832886
116.115499 39.833120
116.115529 39.833259
116.115642 39.833888
116.115720 39.834240
116.115850 39.834687
116.115850 39.834687
116.115971 39.835086
116.116644 39.836422
116.116645 39.836424
116.117361 39.837947
116.117400 39.838038
116.117439 39.838112
116.116233 39.838537
116.116233 39.838537
116.115851 39.838676
116.115673 39.838693
116.115673 39.838693
116.115200 39.838858
116.114948 39.839001
116.114866 39.839040
116.113729 39.839752
116.113126 39.840008
116.112931 39.840077
116.112929 39.840078
116.113094 39.840221
116.113658 39.840390
116.113867 39.840438
116.114131 39.840529
116.114231 39.840576
116.114232 39.840577
116.113455 39.843372
116.113373 39.843719
116.113372 39.843719
116.113203 39.843854
116.112812 39.844114
116.112470 39.844296
116.111975 39.844361
116.111975 39.844361
116.111472 39.844526
116.111363 39.844591
116.110921 39.844942
116.110587 39.845233
RouteInfo end
RouteInfo start
116.1113590 39.8652090
116.1114810 40.0557665
116.109952 39.867196
116.109510 39.867617
116.109258 39.867778
116.109176 39.867782
116.109076 39.867751
116.108816 39.867474
116.108573 39.867092
116.108503 39.867027
116.107505 39.866727
116.107504 39.866727
116.107929 39.865699
116.107860 39.864900
116.107292 39.864362
116.107292 39.864362
116.107040 39.864002
116.106901 39.863737
116.106901 39.863737
116.106567 39.863394
116.106229 39.863143
116.105443 39.862856
116.105442 39.862856
116.105382 39.862383
116.105373 39.862218
116.105373 39.862123
116.105430 39.861862
116.105430 39.861862
116.106228 39.860283
116.106276 39.860083
116.106276 39.859988
116.106259 39.859814
116.106224 39.859658
116.105933 39.858630
116.105873 39.858322
116.105856 39.858248
116.105873 39.858114
116.105886 39.858053
116.105916 39.857979
116.105963 39.857897
116.106068 39.857776
116.106480 39.857424
116.108459 39.855688
116.109388 39.854916
116.109761 39.854629
116.110021 39.854482
116.110272 39.854387
116.110507 39.854317
116.111639 39.854113
116.111639 39.854113
116.113384 39.853888
116.113384 39.853888
116.114582 39.853736
116.114582 39.853736
116.114834 39.853701
116.115077 39.853645
116.115489 39.853519
116.115489 39.853519
116.115862 39.853393
116.116626 39.853103
116.116916 39.852981
116.117298 39.852847
116.117771 39.852743
116.117771 39.852743
116.118144 39.852691
116.118374 39.852639
116.118377 39.852634
116.118528 39.852548
116.118598 39.852474
116.118641 39.852409
116.118671 39.852336
116.118689 39.852266
116.118732 39.851611
116.118728 39.851433
116.118711 39.851299
116.118667 39.851116
116.118668 39.851115
116.119457 39.851115
116.120312 39.851163
116.120421 39.851184
116.120503 39.851215
116.120555 39.851249
116.120620 39.851314
116.120680 39.851401
116.120684 39.851431
116.120684 39.851431
116.120702 39.851462
116.120741 39.851705
116.120775 39.851904
116.120832 39.852065
116.120905 39.852260
116.120953 39.852347
116.121092 39.852538
116.121094 39.852539
116.121449 39.852535
116.121449 39.852535
116.123198 39.852418
116.123450 39.852409
116.123671 39.852422
116.123671 39.852422
116.124096 39.852444
116.124287 39.852504
116.124448 39.852578
116.124660 39.852695
116.124842 39.852768
116.124842 39.852768
116.124981 39.852825
116.126071 39.853168
116.126782 39.853406
116.126782 39.853406
116.127559 39.853575
116.127680 39.853606
116.127802 39.853653
116.127802 39.853653
116.127979 39.853766
116.128587 39.854204
116.129190 39.854664
116.129663 39.855098
116.129663 39.855098
116.130166 39.855562
116.130427 39.855753
116.130665 39.855870
116.130665 39.855870
116.131281 39.856126
116.131281 39.856126
116.131746 39.856312
116.131746 39.856312
116.133247 39.856928
116.134562 39.857445
116.134935 39.857540
116.135356 39.857618
116.135903 39.857692
116.135903 39.857692
116.136054 39.857670
116.137118 39.857752
116.137188 39.857825
116.137001 39.858268
116.136914 39.858415
116.136793 39.858571
116.136693 39.858680
116.136542 39.858801
116.136221 39.858992
116.135839 39.859157
116.135587 39.859243
116.135244 39.859348
116.135243 39.859349
116.134544 39.859574
116.134406 39.859631
116.134245 39.859770
116.134184 39.859865
116.134154 39.859956
116.134137 39.860034
116.134137 39.860138
116.134146 39.860190
116.134206 39.860333
116.134236 39.860381
116.134297 39.860446
116.134344 39.860489
116.134449 39.860567
116.134574 39.860628
116.134666 39.860649
116.134800 39.860667
116.134887 39.860667
116.135078 39.860654
116.135151 39.860637
116.135329 39.860580
116.135585 39.860450
116.135586 39.860451
116.138181 39.858898
116.138394 39.858794
116.138571 39.858724
116.138706 39.858694
116.138853 39.858681
116.139018 39.858681
116.139126 39.858703
116.139256 39.858742
116.139369 39.858807
116.139478 39.858880
116.139560 39.858971
116.139620 39.859071
116.139651 39.859153
116.139676 39.859249
116.139651 39.859431
116.139607 39.859531
116.139551 39.859622
116.139204 39.859978
116.139048 39.860160
116.138926 39.860346
116.138874 39.860463
116.138827 39.860611
116.138796 39.860784
116.138796 39.860919
116.138814 39.861062
116.138866 39.861252
116.138965 39.861500
116.139126 39.861964
116.139195 39.862211
116.139195 39.862211
116.139399 39.862745
116.139620 39.863382
116.139789 39.863986
116.139859 39.864285
116.139859 39.864285
116.139928 39.864632
116.140011 39.865196
116.140062 39.865678
116.140093 39.866142
116.140132 39.867752
116.140132 39.867752
116.140171 39.868143
116.140214 39.868464
116.140292 39.868876
116.140422 39.869358
116.140604 39.869887
116.140726 39.870178
116.140903 39.870542
116.141055 39.870811
116.141259 39.871149
116.141428 39.871401
116.141849 39.871948
116.142296 39.872421
116.142656 39.872785
116.144509 39.874552
116.144769 39.874834
116.144769 39.874834
116.145164 39.875272
116.145524 39.875697
116.145828 39.876079
116.146192 39.876578
116.146539 39.877116
116.146826 39.877589
116.147116 39.878106
116.147420 39.878726
116.147650 39.879264
116.147992 39.880197
116.148496 39.881820
116.148717 39.882423
116.148878 39.882831
116.148884 39.882838
116.148941 39.882968
116.149266 39.883715
116.149474 39.884166
116.149696 39.884600
116.149696 39.884600
116.150212 39.885546
116.150533 39.886058
116.150746 39.886383
116.150746 39.886383
116.151006 39.886796
116.151930 39.888054
116.152486 39.888883
116.152486 39.888883
116.152746 39.889312
116.152967 39.889742
116.152967 39.889742
116.153080 39.890037
116.153080 39.890037
116.153262 39.890488
116.153431 39.891000
116.153553 39.891521
116.153635 39.891951
116.153696 39.892437
116.153696 39.892437
116.153726 39.892775
116.153734 39.893209
116.153726 39.893526
116.153713 39.893716
116.153666 39.894124
116.153605 39.894523
116.153605 39.894523
116.153536 39.894871
116.153310 39.895639
116.153141 39.896116
116.152911 39.896645
116.152698 39.897053
116.152486 39.897422
116.152095 39.898003
116.144040 39.909527
116.143163 39.910655
116.142551 39.911410
116.141805 39.912265
116.141063 39.913064
116.140334 39.913828
116.138988 39.915129
116.135916 39.918033
116.135916 39.918033
116.131293 39.922395
116.131293 39.922395
116.129705 39.923905
116.129141 39.924439
116.129028 39.924534
116.129028 39.924534
116.126133 39.927286
116.126133 39.927286
116.125717 39.927676
116.125022 39.928358
116.125022 39.928358
116.123512 39.929777
116.123512 39.929777
116.122136 39.931066
116.122136 39.931066
116.121884 39.931304
116.121238 39.931977
116.120331 39.932992
116.120331 39.932992
116.120023 39.933379
116.120023 39.933379
116.119437 39.934142
116.118981 39.934811
116.118612 39.935366
116.118200 39.936104
116.117758 39.937059
116.117758 39.937059
116.117463 39.937836
116.117242 39.938578
116.117242 39.938578
116.117081 39.939298
116.116929 39.940105
116.116782 39.941055
116.116600 39.942457
116.116600 39.942457
116.116044 39.946845
116.115923 39.947634
116.115771 39.948316
116.115771 39.948316
116.115654 39.948698
116.115554 39.948976
116.115281 39.949609
116.115077 39.949995
116.114860 39.950338
116.114639 39.950668
116.114292 39.951136
116.113923 39.951557
116.113381 39.952095
116.112352 39.953041
116.111896 39.953484
116.111398 39.954031
116.111124 39.954373
116.110821 39.954790
116.110317 39.955632
116.109896 39.956383
116.108959 39.958149
116.108577 39.958869
116.108264 39.959429
116.107996 39.959881
116.107740 39.960271
116.107180 39.960966
116.106915 39.961269
116.106625 39.961556
116.106212 39.961946
116.102788 39.964759
116.101964 39.965466
116.101391 39.966026
116.100939 39.966529
116.100553 39.967019
116.100354 39.967319
116.100150 39.967661
116.099890 39.968152
116.099681 39.968594
116.099478 39.969219
116.099399 39.969466
116.099265 39.969996
116.098362 39.973568
116.098158 39.974353
116.098011 39.974935
116.097607 39.976449
116.097434 39.977031
116.097273 39.977526
116.096952 39.978311
116.096952 39.978311
116.096679 39.978919
116.096258 39.979787
116.095945 39.980451
116.095776 39.980858
116.095633 39.981258
116.095472 39.981817
116.095381 39.982321
116.095321 39.982754
116.095299 39.983067
116.095243 39.984000
116.095221 39.984690
116.095169 39.985362
116.095100 39.985744
116.095018 39.986161
116.095018 39.986161
116.094879 39.986595
116.094688 39.987098
116.094688 39.987098
116.094475 39.987562
116.093651 39.989177
116.093482 39.989568
116.093391 39.989793
116.093317 39.990032
116.093248 39.990266
116.093191 39.990496
116.093156 39.990674
116.093131 39.990830
116.093131 39.990830
116.093087 39.991459
116.093087 39.991836
116.093109 39.992171
116.093118 39.992327
116.093139 39.992466
116.093209 39.992778
116.093352 39.993238
116.093451 39.993477
116.093560 39.993698
116.093694 39.993971
116.093894 39.994305
116.093894 39.994305
116.093993 39.994466
116.094115 39.994618
116.094228 39.994774
116.094588 39.995181
116.094588 39.995181
116.094831 39.995433
116.095173 39.995728
116.095802 39.996214
116.096783 39.996891
116.098793 39.998211
116.099761 39.998853
116.099761 39.998853
116.100255 39.999204
116.101852 40.000272
116.103454 40.001326
116.103454 40.001326
116.103788 40.001586
116.104131 40.001808
116.104686 40.002189
116.105628 40.002858
116.106222 40.003318
116.106678 40.003708
116.107060 40.004056
116.107142 40.004129
116.107402 40.004381
116.107402 40.004381
116.107615 40.004589
116.108075 40.005079
116.108435 40.005496
116.108621 40.005743
116.108621 40.005743
116.108860 40.006043
116.109172 40.006468
116.109463 40.006911
116.109784 40.007436
116.110049 40.007930
116.110261 40.008369
116.110482 40.008889
116.110643 40.009328
116.110795 40.009836
116.110903 40.010365
116.110933 40.010625
116.110955 40.010899
116.110955 40.011224
116.110951 40.011476
116.110925 40.011784
116.110860 40.012304
116.110812 40.012534
116.110730 40.012847
116.110544 40.013376
116.110019 40.014648
116.109225 40.016514
116.109042 40.016966
116.108639 40.017899
116.108639 40.017899
116.107159 40.021392
116.107159 40.021392
116.106603 40.022734
116.106452 40.023094
116.106374 40.023254
116.106174 40.023818
116.105962 40.024639
116.105962 40.024639
116.105944 40.024704
116.105901 40.024986
116.105854 40.025350
116.105841 40.025901
116.105854 40.026526
116.105932 40.027325
116.106010 40.028028
116.106174 40.029742
116.106235 40.030280
116.106417 40.032155
116.106417 40.032155
116.106534 40.033257
116.106586 40.033700
116.106656 40.034047
116.106686 40.034203
116.106764 40.034502
116.106838 40.034763
116.107028 40.035301
116.107180 40.035678
116.107471 40.036234
116.107601 40.036446
116.107800 40.036750
116.108117 40.037184
116.108338 40.037466
116.108776 40.037939
116.108967 40.038121
116.109392 40.038503
116.109566 40.038655
116.109913 40.038924
116.111141 40.039818
116.111918 40.040416
116.112300 40.040733
116.112656 40.041063
116.113094 40.041492
116.113498 40.041939
116.113671 40.042152
116.113953 40.042508
116.114152 40.042785
116.114434 40.043215
116.114604 40.043479
116.115320 40.044686
116.115320 40.044686
116.115554 40.045063
116.115551 40.045091
116.117187 40.046684
116.117261 40.046749
116.117412 40.046862
116.117612 40.046953
116.117720 40.046988
116.117802 40.047000
116.117972 40.047000
116.118067 40.046983
116.118223 40.046936
116.118344 40.046879
116.118444 40.046806
116.118518 40.046714
116.118565 40.046649
116.118600 40.046528
116.118600 40.046446
116.118578 40.046351
116.118539 40.046255
116.118396 40.046021
116.118396 40.046021
116.117802 40.045709
116.117804 40.045707
116.117482 40.045486
116.117209 40.045308
116.116871 40.045165
116.116628 40.045122
116.116506 40.045122
116.116272 40.045157
116.115925 40.045256
116.115287 40.045473
116.115287 40.045473
116.114050 40.045899
116.113968 40.045907
116.113967 40.045907
116.114353 40.046462
116.114509 40.046758
116.114531 40.046818
116.114613 40.046987
116.114726 40.047252
116.114826 40.047534
116.114851 40.047638
116.114873 40.047768
116.114882 40.047876
116.114882 40.048006
116.114882 40.048006
116.114882 40.048228
116.114886 40.048340
116.114903 40.048440
116.114925 40.048514
116.114925 40.048514
116.114955 40.048600
116.114994 40.048674
116.115154 40.048952
116.115185 40.049034
116.115206 40.049108
116.115224 40.049190
116.115215 40.049354
116.115163 40.049658
116.115146 40.049879
116.115154 40.049983
116.115167 40.050096
116.115198 40.050248
116.115267 40.050573
116.115314 40.050751
116.115314 40.050751
116.115345 40.050890
116.115484 40.051315
116.115527 40.051493
116.115557 40.051675
116.115596 40.051844
116.115670 40.052126
116.115739 40.052291
116.115739 40.052291
116.116008 40.052668
116.116051 40.052746
116.116090 40.052833
116.116251 40.053306
116.116459 40.054057
116.116494 40.054152
116.116497 40.054158
116.116124 40.054080
116.115612 40.054015
116.115135 40.053976
116.114645 40.053959
116.113929 40.053959
116.113929 40.053959
116.113486 40.053967
116.112974 40.053911
116.112549 40.053816
116.112059 40.053690
116.112059 40.053690
116.111434 40.053547
116.110939 40.053442
116.110938 40.053442
116.110352 40.054049
116.110061 40.054374
116.109931 40.054557
116.109844 40.054717
116.109762 40.054917
116.109723 40.055077
116.109693 40.055385
116.109693 40.055632
116.109663 40.055771
116.109632 40.055819
116.109631 40.055820
116.110685 40.056133
116.111249 40.056280
RouteInfo end
RouteInfo start
116.1115720 39.9739769
116.1116640 39.8492478
116.109427 39.972170
116.109119 39.972179
116.108602 39.972239
116.108303 39.972261
116.108260 39.972257
116.108212 39.972239
116.108178 39.972148
116.108251 39.971823
116.108229 39.971771
116.108160 39.971719
116.108052 39.971680
116.107978 39.971663
116.107574 39.971672
116.107483 39.971663
116.107397 39.971637
116.107358 39.971590
116.107306 39.971477
116.107262 39.971321
116.107163 39.971061
116.107132 39.970996
116.107072 39.970952
116.106759 39.970848
116.106621 39.970826
116.106460 39.970835
116.106317 39.970982
116.106209 39.971052
116.106096 39.971121
116.106005 39.971152
116.105905 39.971173
116.105758 39.971156
116.105584 39.971148
116.105271 39.971182
116.105269 39.971181
116.105373 39.971237
116.105382 39.971324
116.105369 39.971362
116.105308 39.971388
116.105230 39.971388
116.105009 39.971362
116.104962 39.971380
116.104927 39.971423
116.104918 39.971471
116.104927 39.971531
116.105027 39.971778
116.105061 39.971913
116.105057 39.971978
116.105031 39.972047
116.104988 39.972086
116.104897 39.972116
116.104749 39.972129
116.104585 39.972108
116.104177 39.972086
116.104086 39.972116
116.103804 39.972268
116.103722 39.972285
116.103613 39.972276
116.103522 39.972289
116.103431 39.972324
116.103379 39.972367
116.103349 39.972437
116.103327 39.972523
116.103331 39.972614
116.103357 39.972758
116.103331 39.972831
116.103279 39.972918
116.103301 39.973013
116.103553 39.973182
116.103609 39.973273
116.103639 39.973373
116.103704 39.973490
116.103865 39.973572
116.104195 39.973720
116.104255 39.973759
116.104264 39.973793
116.104247 39.973837
116.104026 39.974014
116.104026 39.974036
116.104082 39.974071
116.104142 39.974062
116.104459 39.973845
116.104507 39.973824
116.104559 39.973824
116.104598 39.973854
116.104606 39.973889
116.104598 39.973910
116.104285 39.974171
116.104263 39.974231
116.104272 39.974257
116.104302 39.974270
116.104367 39.974282
116.104484 39.974278
116.104675 39.974252
116.105009 39.973971
116.105057 39.973923
116.105057 39.973893
116.104848 39.973624
116.104840 39.973585
116.104866 39.973563
116.104900 39.973559
116.105000 39.973598
116.105108 39.973663
116.105199 39.973750
116.105299 39.973862
116.105329 39.974118
116.105412 39.974470
116.105399 39.974522
116.105321 39.974578
116.105087 39.974743
116.104939 39.974808
116.104870 39.974860
116.104870 39.974890
116.104909 39.974912
116.105278 39.974855
116.105612 39.974660
116.105694 39.974634
116.105815 39.974495
116.105993 39.974378
116.106023 39.974339
116.106023 39.974296
116.105893 39.974188
116.105781 39.974101
116.105724 39.974028
116.105733 39.973932
116.105763 39.973859
116.105824 39.973811
116.105936 39.973768
116.106032 39.973764
116.106153 39.973789
116.106405 39.973889
116.106565 39.973971
116.107103 39.974344
116.107233 39.974457
116.107324 39.974574
116.107433 39.974635
116.107671 39.974726
116.107836 39.974765
116.107875 39.974825
116.107828 39.974877
116.107190 39.974860
116.107021 39.974882
116.106357 39.975151
116.106296 39.975194
116.105962 39.975710
116.105962 39.975832
116.106036 39.976027
116.106105 39.976266
116.106235 39.976396
116.106426 39.976439
116.106829 39.976565
116.107098 39.976612
116.107341 39.976638
116.108288 39.976681
116.110149 39.976803
116.110705 39.976872
116.111200 39.976972
116.111399 39.977002
116.111699 39.977028
116.112215 39.977236
116.112237 39.977284
116.112206 39.977319
116.112141 39.977340
116.111955 39.977336
116.111781 39.977297
116.111690 39.977297
116.111578 39.977323
116.111430 39.977371
116.111391 39.977418
116.111369 39.977613
116.111339 39.977670
116.111226 39.977709
116.110958 39.977752
116.110884 39.977782
116.110789 39.977847
116.110706 39.977895
116.110394 39.977968
116.109669 39.978033
116.109587 39.978068
116.109578 39.978133
116.109587 39.978189
116.109656 39.978259
116.110194 39.978506
116.110294 39.978536
116.110394 39.978558
116.110515 39.978549
116.110654 39.978528
116.110928 39.978528
116.111071 39.978558
116.111149 39.978614
116.111539 39.978810
116.111804 39.978909
116.112246 39.979009
116.112459 39.979148
116.112658 39.979348
116.112661 39.979358
116.112509 39.979431
116.112418 39.979457
116.111615 39.979557
116.111320 39.979630
116.111038 39.979743
116.111012 39.979778
116.111008 39.979891
116.111121 39.980338
116.111151 39.980568
116.111242 39.980737
116.111359 39.980919
116.111433 39.981027
116.111411 39.981105
116.111381 39.981149
116.111008 39.981196
116.110891 39.981244
116.110830 39.981291
116.110770 39.981378
116.110696 39.981425
116.110566 39.981434
116.110206 39.981499
116.110063 39.981542
116.109902 39.981572
116.109512 39.981542
116.109412 39.981564
116.109360 39.981594
116.109308 39.981638
116.109308 39.981707
116.109321 39.981776
116.109369 39.981850
116.109503 39.981980
116.109581 39.982071
116.109594 39.982136
116.109572 39.982366
116.109589 39.982457
116.109611 39.982514
116.109611 39.982574
116.109602 39.982613
116.109564 39.982665
116.109503 39.982695
116.109390 39.982691
116.109247 39.982665
116.109030 39.982566
116.108666 39.982449
116.108141 39.982249
116.107932 39.982136
116.107772 39.981989
116.107651 39.981828
116.107529 39.981733
116.107447 39.981724
116.107339 39.981755
116.107204 39.981854
116.106996 39.982136
116.106835 39.982371
116.106753 39.982544
116.106736 39.982679
116.106744 39.982917
116.106814 39.983208
116.106844 39.983277
116.106827 39.983312
116.106797 39.983342
116.106745 39.983355
116.106662 39.983325
116.106424 39.983138
116.106242 39.982969
116.106120 39.982848
116.106042 39.982679
116.106008 39.982492
116.106020 39.982371
116.106129 39.982071
116.106133 39.981937
116.106102 39.981794
116.105977 39.981573
116.105708 39.981278
116.105387 39.981035
116.105218 39.980887
116.105152 39.980718
116.105122 39.980536
116.104992 39.980310
116.104853 39.980171
116.104749 39.980141
116.104619 39.980150
116.104480 39.980245
116.104311 39.980388
116.104211 39.980488
116.104151 39.980531
116.104147 39.980609
116.104190 39.980735
116.104329 39.981004
116.104402 39.981182
116.104550 39.981407
116.104702 39.981563
116.104741 39.981611
116.104741 39.981680
116.104662 39.981819
116.104532 39.981962
116.104498 39.981988
116.104459 39.981997
116.104351 39.981971
116.104168 39.981884
116.103839 39.981754
116.103331 39.981637
116.102888 39.981616
116.102780 39.981624
116.102741 39.981659
116.102711 39.981763
116.102732 39.982128
116.102802 39.982344
116.102849 39.982514
116.102841 39.982626
116.102849 39.982826
116.102888 39.982999
116.103053 39.983129
116.103266 39.983190
116.103331 39.983246
116.103313 39.983285
116.103266 39.983302
116.103084 39.983320
116.102680 39.983272
116.102537 39.983229
116.102446 39.983142
116.102376 39.982921
116.102355 39.982821
116.102298 39.982778
116.101795 39.982609
116.101782 39.982548
116.101782 39.982470
116.101795 39.982366
116.101756 39.982306
116.101665 39.982245
116.101613 39.982241
116.101431 39.982345
116.101240 39.982427
116.101097 39.982522
116.101002 39.982627
116.100971 39.982722
116.101149 39.983212
116.101253 39.983425
116.101362 39.983546
116.101483 39.983628
116.101661 39.983771
116.101787 39.983958
116.101873 39.984122
116.101934 39.984179
116.102108 39.984205
116.102416 39.984274
116.102828 39.984478
116.103014 39.984491
116.103222 39.984578
116.103361 39.984651
116.103522 39.984660
116.103678 39.984694
116.103773 39.984790
116.103786 39.984876
116.103756 39.984959
116.103595 39.985214
116.103604 39.985258
116.103647 39.985301
116.104046 39.985409
116.104129 39.985448
116.104150 39.985635
116.104176 39.985691
116.104228 39.985748
116.104497 39.985843
116.104571 39.985899
116.104601 39.985960
116.104549 39.986025
116.103894 39.986255
116.102266 39.986611
116.102071 39.986719
116.102036 39.986788
116.102062 39.986862
116.102344 39.987074
116.102444 39.987166
116.102456 39.987231
116.102418 39.987291
116.102305 39.987304
116.102014 39.987226
116.101511 39.987035
116.100986 39.986714
116.100916 39.986644
116.100908 39.986579
116.100916 39.986536
116.100938 39.986506
116.100999 39.986489
116.101320 39.986545
116.101519 39.986536
116.101597 39.986506
116.101628 39.986459
116.101580 39.986346
116.101489 39.986229
116.101376 39.986116
116.101138 39.985973
116.100335 39.985808
116.099436 39.985791
116.099042 39.985765
116.098864 39.985722
116.098858 39.985729
116.097669 39.985981
116.097357 39.986146
116.096975 39.986258
116.096328 39.986328
116.096328 39.986328
116.096319 39.986575
116.096302 39.986749
116.096281 39.986944
116.096211 39.987269
116.096168 39.987538
116.096168 39.987538
116.096077 39.988120
116.095899 39.988862
116.095829 39.989187
116.095829 39.989187
116.095704 39.989829
116.095222 39.992650
116.094649 39.994399
116.094528 39.994811
116.094528 39.994811
116.094367 39.995358
116.094367 39.995358
116.094220 39.995835
116.094219 39.995838
116.094062 39.995790
116.093620 39.995495
116.093160 39.995213
116.093047 39.995135
116.092896 39.994992
116.092718 39.994788
116.092518 39.994450
116.092517 39.994449
116.092422 39.994258
116.092366 39.994141
116.092301 39.993885
116.092292 39.993768
116.092331 39.993577
116.092396 39.993291
116.092396 39.993290
116.092404 39.993090
116.092456 39.992847
116.092487 39.992452
116.092482 39.992301
116.092422 39.991919
116.092305 39.991429
116.092275 39.991277
116.092244 39.990943
116.092262 39.990778
116.092262 39.990665
116.092305 39.990401
116.092374 39.990145
116.092457 39.989902
116.092535 39.989750
116.092613 39.989611
116.092678 39.989507
116.092795 39.989342
116.092968 39.989130
116.093411 39.988666
116.093710 39.988318
116.094001 39.987902
116.094326 39.987303
116.094504 39.987021
116.094504 39.987021
116.094699 39.986526
116.094729 39.986448
116.094786 39.986283
116.094821 39.986140
116.094821 39.986140
116.095011 39.985398
116.095150 39.983146
116.095194 39.982651
116.095250 39.982313
116.095332 39.981870
116.095362 39.981731
116.095414 39.981532
116.095605 39.980942
116.095735 39.980612
116.096108 39.979779
116.096768 39.978264
116.096768 39.978264
116.097093 39.977509
116.097484 39.976281
116.097636 39.975708
116.098512 39.972197
116.099085 39.969966
116.099246 39.969402
116.099397 39.968925
116.099540 39.968556
116.099740 39.968113
116.099857 39.967883
116.100008 39.967619
116.100234 39.967254
116.100412 39.966989
116.100685 39.966638
116.100915 39.966356
116.101206 39.966044
116.101396 39.965848
116.101861 39.965406
116.102303 39.965011
116.102759 39.964629
116.103948 39.963653
116.104942 39.962824
116.105584 39.962299
116.106092 39.961861
116.106812 39.961175
116.107415 39.960468
116.107641 39.960155
116.108083 39.959457
116.108829 39.958124
116.110006 39.955933
116.110374 39.955278
116.110808 39.954614
116.111064 39.954262
116.111463 39.953785
116.111889 39.953321
116.112231 39.952987
116.113507 39.951819
116.113850 39.951468
116.114284 39.950947
116.114522 39.950630
116.114965 39.949927
116.115160 39.949545
116.115321 39.949207
116.115512 39.948673
116.115572 39.948461
116.115572 39.948461
116.115589 39.948413
116.115759 39.947680
116.115854 39.947168
116.115914 39.946778
116.116483 39.942463
116.116483 39.942463
116.116556 39.941812
116.116956 39.939304
116.117107 39.938558
116.117107 39.938558
116.117289 39.937902
116.117394 39.937594
116.117615 39.937052
116.117615 39.937052
116.118066 39.936067
116.118287 39.935668
116.118439 39.935403
116.118526 39.935277
116.118526 39.935277
116.118842 39.934778
116.119094 39.934418
116.119476 39.933897
116.119997 39.933225
116.119997 39.933225
116.120218 39.932960
116.120218 39.932960
116.120539 39.932578
116.121055 39.931997
116.121802 39.931237
116.122032 39.931025
116.122032 39.931025
116.122635 39.930426
116.123381 39.929710
116.123381 39.929710
116.125581 39.927635
116.126028 39.927219
116.126028 39.927219
116.128928 39.924480
116.128928 39.924480
116.129044 39.924363
116.131279 39.922241
116.131279 39.922241
116.135719 39.918052
116.135719 39.918052
116.139708 39.914302
116.140914 39.913066
116.141852 39.912059
116.142342 39.911499
116.143392 39.910201
116.144690 39.908418
116.146934 39.905215
116.152081 39.897832
116.152372 39.897394
116.152580 39.897029
116.152784 39.896621
116.152975 39.896196
116.153066 39.895958
116.153066 39.895958
116.153196 39.895598
116.153335 39.895111
116.153469 39.894526
116.153469 39.894526
116.153539 39.894122
116.153578 39.893697
116.153599 39.893241
116.153578 39.892777
116.153548 39.892464
116.153548 39.892464
116.153539 39.892321
116.153491 39.891952
116.153288 39.891059
116.153118 39.890529
116.152936 39.890087
116.152936 39.890087
116.152806 39.889805
116.152806 39.889805
116.152624 39.889410
116.152542 39.889262
116.152321 39.888902
116.152321 39.888902
116.152073 39.888516
116.151687 39.888000
116.150442 39.886494
116.150456 39.886476
116.150395 39.886402
116.150200 39.886124
116.149922 39.885708
116.149609 39.885174
116.149436 39.884840
116.149436 39.884840
116.149184 39.884362
116.148833 39.883599
116.148590 39.882904
116.148590 39.882904
116.148312 39.881993
116.148026 39.880817
116.147848 39.880196
116.147544 39.879281
116.147306 39.878756
116.146932 39.878014
116.146581 39.877393
116.146390 39.877081
116.146095 39.876638
116.145601 39.875978
116.145071 39.875332
116.144676 39.874902
116.144676 39.874902
116.142823 39.873101
116.142672 39.872958
116.142372 39.872663
116.141760 39.872008
116.141487 39.871669
116.141227 39.871309
116.140940 39.870849
116.140680 39.870355
116.140489 39.869912
116.140311 39.869418
116.140186 39.868901
116.140099 39.868459
116.140029 39.867868
116.140029 39.867769
116.140029 39.867769
116.139978 39.866150
116.139947 39.865681
116.139904 39.865195
116.139809 39.864635
116.139674 39.864058
116.139496 39.863438
116.139323 39.862939
116.139323 39.862939
116.139223 39.862648
116.139084 39.862310
116.138958 39.862036
116.138958 39.862036
116.138828 39.861741
116.138642 39.861386
116.138204 39.860618
116.137553 39.859702
116.136958 39.858977
116.136494 39.858482
116.136065 39.858070
116.136065 39.858070
116.135813 39.857827
116.135470 39.857519
116.134984 39.857120
116.133786 39.856265
116.133786 39.856265
116.132406 39.855098
116.131977 39.854729
116.131977 39.854729
116.131291 39.854086
116.131291 39.854086
116.130376 39.853175
116.125745 39.848444
116.120893 39.843479
116.120116 39.842668
116.120108 39.842661
116.118268 39.841072
116.117674 39.840526
116.117292 39.840113
116.117049 39.839840
116.116810 39.839528
116.116810 39.839527
116.116406 39.838884
116.116232 39.838537
116.116232 39.838537
116.115851 39.838676
116.115673 39.838693
116.115673 39.838693
116.115200 39.838858
116.114948 39.839001
116.114866 39.839040
116.113729 39.839752
116.113126 39.840008
116.112931 39.840077
116.112929 39.840078
116.113094 39.840221
116.113658 39.840390
116.113867 39.840438
116.114131 39.840529
116.114231 39.840576
116.114232 39.840577
116.113455 39.843372
116.113373 39.843719
116.113372 39.843719
116.114310 39.844279
116.114765 39.844461
116.114856 39.844509
116.114857 39.844509
116.114484 39.844726
116.114362 39.844843
116.114289 39.844969
116.114263 39.845086
116.114271 39.845177
116.114289 39.845259
116.114423 39.845789
116.114432 39.845997
116.114414 39.846101
116.114362 39.846253
116.114311 39.846374
116.113846 39.847078
116.113777 39.847156
116.113660 39.847268
116.113035 39.847694
116.113034 39.847695
116.113042 39.847912
116.113034 39.847938
116.112821 39.848302
116.112713 39.848502
116.112700 39.848545
116.112648 39.848571
116.112501 39.848597
116.111906 39.848684
116.111876 39.848722
116.111867 39.848766
116.111876 39.848788
116.111923 39.848826
116.112019 39.848883
RouteInfo end
RouteInfo start
116.1117550 40.0643422
116.1118780 40.0906492
116.111762 40.064371
116.111510 40.064388
116.111402 40.064409
116.111263 40.064461
116.110760 40.064748
116.110564 40.064830
116.109610 40.065056
116.109609 40.065056
116.109379 40.065039
116.109206 40.064987
116.109067 40.064961
116.108915 40.064949
116.107374 40.064992
116.107374 40.064992
116.106793 40.065009
116.106468 40.065035
116.106468 40.065035
116.105878 40.065148
116.105878 40.065148
116.105643 40.065195
116.105642 40.065195
116.105681 40.065378
116.105720 40.065603
116.105724 40.065711
116.105724 40.065711
116.105741 40.065854
116.105754 40.066128
116.105771 40.066522
116.105823 40.066766
116.105823 40.066766
116.105862 40.066891
116.105901 40.067069
116.105931 40.067182
116.106031 40.067824
116.106031 40.067824
116.106183 40.068779
116.106183 40.068779
116.106539 40.069586
116.106539 40.069586
116.106556 40.069920
116.106556 40.070050
116.106534 40.070215
116.106508 40.070315
116.106465 40.070441
116.106467 40.070442
116.106580 40.070659
116.106580 40.070659
116.106840 40.071232
116.107031 40.071766
116.107083 40.071987
116.107152 40.072416
116.107243 40.072811
116.107334 40.072993
116.107334 40.072993
116.107564 40.073379
116.107638 40.073592
116.107673 40.073791
116.107673 40.073791
116.107677 40.073900
116.107798 40.074355
116.107816 40.074564
116.107777 40.074937
116.107785 40.075041
116.107816 40.075184
116.107998 40.075501
116.108067 40.075661
116.108288 40.076551
116.108592 40.077909
116.108622 40.078122
116.108631 40.078243
116.108631 40.078434
116.108601 40.078881
116.108531 40.079280
116.108410 40.079809
116.108410 40.079809
116.108401 40.080122
116.108410 40.080235
116.108431 40.080339
116.108518 40.080538
116.108804 40.080964
116.108921 40.081194
116.108973 40.081384
116.109004 40.081601
116.108995 40.081875
116.108973 40.082052
116.108891 40.082330
116.108761 40.082625
116.108592 40.083085
116.108492 40.083406
116.108458 40.083606
116.108432 40.083949
116.108449 40.084356
116.108449 40.084356
116.108479 40.084686
116.108479 40.084686
116.108492 40.084808
116.108539 40.085011
116.108613 40.085207
116.108708 40.085393
116.109025 40.086118
116.109211 40.086491
116.109372 40.086942
116.109402 40.087068
116.109415 40.087189
116.109528 40.088426
116.109567 40.088826
116.109597 40.089312
116.109584 40.089403
116.109554 40.089494
116.109498 40.089581
116.109437 40.089650
116.109346 40.089728
116.108669 40.090140
116.108672 40.090148
116.110816 40.090725
116.111141 40.090790
116.111249 40.090798
116.111874 40.090802
RouteInfo end
RouteInfo start
116.1119690 39.8332866
116.1120610 39.6998292
116.112179 39.833277
116.112088 39.831862
116.112105 39.831402
116.112105 39.831402
116.112478 39.829019
116.112647 39.828308
116.112859 39.827600
116.113089 39.826962
116.113888 39.824931
116.116323 39.821186
116.116323 39.821186
116.116613 39.820739
116.116704 39.820561
116.116748 39.820457
116.116787 39.820227
116.116866 39.820230
116.116819 39.820469
116.116775 39.820577
116.116676 39.820759
116.116485 39.821050
116.116485 39.821050
116.116333 39.821293
116.113959 39.824943
116.113156 39.826978
116.112931 39.827608
116.112714 39.828311
116.112549 39.829027
116.112176 39.831401
116.112176 39.831401
116.112159 39.831861
116.112250 39.833306
116.112350 39.834278
116.112419 39.834682
116.112419 39.834682
116.112471 39.835658
116.112449 39.835745
116.112448 39.835746
116.114292 39.836441
116.114661 39.836658
116.114874 39.836905
116.114874 39.836905
116.115386 39.838133
116.115507 39.838398
116.115672 39.838693
116.115672 39.838693
116.115829 39.838594
116.116193 39.838459
116.116193 39.838459
116.116011 39.838121
116.115703 39.837240
116.115629 39.836737
116.115629 39.836736
116.115582 39.836311
116.115330 39.834688
116.115330 39.834688
116.115295 39.834380
116.115256 39.834011
116.115235 39.833672
116.115248 39.833560
116.115269 39.833456
116.115299 39.833364
116.115299 39.833364
116.115269 39.832900
116.115269 39.832900
116.115256 39.832432
116.115256 39.831841
116.115278 39.831533
116.115278 39.831434
116.115278 39.831434
116.115330 39.830826
116.115391 39.830362
116.115577 39.829377
116.115681 39.828930
116.115759 39.828661
116.115933 39.828132
116.116184 39.827437
116.116332 39.827086
116.116657 39.826383
116.116978 39.825771
116.117404 39.824998
116.118949 39.822477
116.119283 39.821861
116.119647 39.821127
116.119647 39.821127
116.119899 39.820533
116.120189 39.819765
116.120359 39.819179
116.120458 39.818866
116.120571 39.818432
116.120701 39.817842
116.120822 39.817104
116.120901 39.816423
116.120944 39.815694
116.120952 39.814674
116.120935 39.814518
116.120935 39.814518
116.120914 39.814132
116.120914 39.814132
116.120905 39.813967
116.120823 39.813260
116.120823 39.813260
116.120784 39.813008
116.120732 39.812726
116.120732 39.812726
116.120710 39.812575
116.120554 39.811811
116.120381 39.811060
116.120181 39.810348
116.119960 39.809485
116.119826 39.808899
116.119504 39.807462
116.119322 39.806434
116.119205 39.805679
116.119114 39.804880
116.119032 39.803861
116.118980 39.802758
116.118980 39.801066
116.118971 39.800567
116.118980 39.799382
116.119002 39.798106
116.119010 39.797390
116.119010 39.796470
116.118993 39.795672
116.118941 39.794730
116.118932 39.794669
116.118932 39.794669
116.118885 39.794171
116.118842 39.793763
116.118842 39.793763
116.118759 39.793086
116.118759 39.793086
116.118629 39.792283
116.118629 39.792283
116.118530 39.791762
116.118361 39.790990
116.118118 39.790013
116.118118 39.790013
116.118018 39.789692
116.118018 39.789692
116.117788 39.788941
116.117666 39.788564
116.117523 39.788134
116.117393 39.787796
116.117393 39.787796
116.117059 39.786941
116.117059 39.786941
116.116716 39.786151
116.116495 39.785718
116.116278 39.785318
116.115992 39.784828
116.115714 39.784424
116.115441 39.784012
116.115007 39.783452
116.114699 39.783097
116.114226 39.782589
116.113731 39.782090
116.112985 39.781443
116.112490 39.781049
116.112130 39.780788
116.111939 39.780641
116.111466 39.780320
116.110893 39.779968
116.110893 39.779968
116.110064 39.779495
116.110064 39.779495
116.109531 39.779187
116.109531 39.779187
116.108468 39.778614
116.108064 39.778384
116.107430 39.778011
116.106953 39.777708
116.106667 39.777517
116.106038 39.777048
116.105439 39.776558
116.105218 39.776359
116.104914 39.776059
116.104693 39.775829
116.104428 39.775543
116.104250 39.775339
116.104250 39.775339
116.104220 39.775309
116.104016 39.775061
116.103838 39.774823
116.103838 39.774823
116.103695 39.774619
116.103396 39.774168
116.103205 39.773851
116.103031 39.773530
116.102923 39.773313
116.102658 39.772731
116.102546 39.772441
116.102398 39.772046
116.102268 39.771586
116.102208 39.771317
116.102134 39.770944
116.102086 39.770662
116.102034 39.770215
116.101996 39.769664
116.101987 39.768584
116.102009 39.767850
116.102026 39.767091
116.102026 39.767091
116.102026 39.766783
116.102026 39.766783
116.102048 39.766145
116.102048 39.766145
116.102039 39.764930
116.102017 39.764296
116.101978 39.763693
116.101918 39.762899
116.101814 39.761979
116.101722 39.761306
116.101722 39.761306
116.101441 39.759310
116.101441 39.759310
116.101219 39.757726
116.101189 39.757470
116.101189 39.757470
116.100907 39.755543
116.100617 39.753282
116.100517 39.752661
116.100387 39.751776
116.100335 39.751342
116.100335 39.751342
116.100266 39.750821
116.100244 39.750691
116.100153 39.750001
116.100105 39.749711
116.099984 39.748839
116.099962 39.748635
116.099680 39.746617
116.099611 39.746161
116.099554 39.745736
116.099511 39.745449
116.099494 39.745315
116.099359 39.744373
116.099281 39.743840
116.099138 39.742729
116.098969 39.741579
116.098917 39.741266
116.098848 39.740758
116.098848 39.740728
116.098778 39.740268
116.098696 39.739769
116.098605 39.739279
116.098466 39.738658
116.098254 39.737747
116.098184 39.737461
116.098124 39.737252
116.098124 39.737252
116.097855 39.736349
116.097855 39.736349
116.097712 39.735863
116.097512 39.735264
116.097512 39.735264
116.097278 39.734505
116.097035 39.733620
116.097022 39.733598
116.096823 39.732873
116.096771 39.732643
116.096771 39.732643
116.096420 39.731098
116.096363 39.730782
116.096268 39.730309
116.096121 39.729410
116.096069 39.729115
116.096021 39.728742
116.096021 39.728742
116.095969 39.728348
116.095900 39.727805
116.095878 39.727562
116.095878 39.727562
116.095839 39.727202
116.095839 39.727202
116.095766 39.726269
116.095696 39.725045
116.095666 39.723474
116.095666 39.723474
116.095666 39.723231
116.095670 39.722511
116.095696 39.721716
116.095709 39.720757
116.095734 39.720032
116.095739 39.719356
116.095756 39.718818
116.095778 39.717533
116.095778 39.717533
116.095778 39.717333
116.095795 39.716995
116.095816 39.716019
116.095838 39.714647
116.095860 39.713753
116.095877 39.713002
116.095890 39.712655
116.095920 39.712234
116.095920 39.712234
116.095959 39.711718
116.095998 39.711314
116.095998 39.711314
116.096050 39.710915
116.096058 39.710802
116.096136 39.710325
116.096197 39.710052
116.096301 39.709614
116.096371 39.709358
116.096422 39.709158
116.096539 39.708781
116.096652 39.708468
116.096800 39.708091
116.096934 39.707766
116.097216 39.707188
116.097437 39.706781
116.097619 39.706459
116.097897 39.706034
116.098123 39.705709
116.098301 39.705462
116.098470 39.705241
116.098652 39.705011
116.099259 39.704312
116.099511 39.704043
116.099728 39.703822
116.100092 39.703475
116.100305 39.703288
116.100305 39.703288
116.100487 39.703124
116.100826 39.702846
116.101251 39.702516
116.101254 39.702509
116.101744 39.702149
116.102504 39.701645
116.102504 39.701645
116.103164 39.701255
116.104071 39.700773
116.104687 39.700482
116.105299 39.700227
116.105299 39.700227
116.106084 39.699919
116.106800 39.699671
116.107907 39.699350
116.108493 39.699211
116.108493 39.699211
116.109144 39.699068
116.109868 39.698934
116.109868 39.698934
116.110936 39.698773
116.111166 39.698748
116.112364 39.698643
116.113687 39.698561
116.115449 39.698496
116.131261 39.697988
116.131261 39.697988
116.138248 39.697767
116.148465 39.697420
116.148465 39.697420
116.148648 39.697416
116.148650 39.697413
116.149639 39.697266
116.149969 39.697149
116.150099 39.697079
116.150229 39.696997
116.150333 39.696919
116.150455 39.696811
116.150745 39.696511
116.150828 39.696446
116.151014 39.696320
116.151270 39.696194
116.151417 39.696160
116.151578 39.696138
116.151708 39.696129
116.152020 39.696138
116.152111 39.696151
116.152406 39.696216
116.152576 39.696268
116.152766 39.696346
116.153027 39.696480
116.153170 39.696584
116.153282 39.696680
116.153430 39.696823
116.153573 39.696992
116.153651 39.697105
116.153764 39.697335
116.153811 39.697452
116.153842 39.697556
116.153863 39.697656
116.153872 39.697747
116.153881 39.697829
116.153863 39.698020
116.153851 39.698124
116.153794 39.698310
116.153764 39.698397
116.153651 39.698601
116.153534 39.698770
116.153361 39.698961
116.153139 39.699147
116.152940 39.699295
116.152940 39.699295
116.152684 39.699416
116.152493 39.699477
116.151951 39.699611
116.151682 39.699663
116.151369 39.699689
116.150927 39.699711
116.150929 39.699713
116.149023 39.699739
116.149015 39.699696
116.149770 39.699679
116.150928 39.699549
116.150929 39.699549
116.151111 39.699536
116.151462 39.699558
116.151744 39.699545
116.151892 39.699532
116.152248 39.699467
116.152434 39.699406
116.152435 39.699405
116.152678 39.699284
116.152751 39.699241
116.152881 39.699141
116.153042 39.698980
116.153129 39.698859
116.153163 39.698777
116.153202 39.698672
116.153224 39.698556
116.153232 39.698439
116.153220 39.698322
116.153194 39.698209
116.153112 39.698035
116.153064 39.697970
116.152991 39.697884
116.152921 39.697810
116.152626 39.697628
116.152388 39.697541
116.152258 39.697515
116.151533 39.697446
116.151533 39.697446
116.148681 39.697537
116.148681 39.697537
116.148473 39.697541
116.148473 39.697541
116.131264 39.698084
116.131264 39.698084
116.118781 39.698509
116.116338 39.698587
116.114928 39.698622
116.114546 39.698652
116.112250 39.698773
116.111885 39.698808
RouteInfo end
RouteInfo start
116.1121520 39.8484238
116.1122740 39.8173559
116.112205 39.848641
116.112500 39.848598
116.112647 39.848572
116.112699 39.848546
116.112712 39.848503
116.112820 39.848304
116.113033 39.847939
116.113041 39.847913
116.113033 39.847696
116.113034 39.847695
116.113659 39.847270
116.113776 39.847157
116.113845 39.847079
116.114309 39.846376
116.114361 39.846255
116.114413 39.846103
116.114430 39.845999
116.114422 39.845791
116.114287 39.845261
116.114270 39.845179
116.114261 39.845088
116.114287 39.844971
116.114361 39.844845
116.114482 39.844728
116.114855 39.844511
116.114857 39.844509
116.114766 39.844462
116.114310 39.844280
116.113372 39.843720
116.113372 39.843719
116.113454 39.843372
116.114231 39.840577
116.114232 39.840577
116.114132 39.840530
116.113867 39.840439
116.113659 39.840391
116.113095 39.840222
116.112930 39.840079
116.112929 39.840078
116.113125 39.840009
116.113728 39.839753
116.114865 39.839041
116.114947 39.839002
116.115199 39.838859
116.115672 39.838694
116.115672 39.838693
116.115508 39.838398
116.115386 39.838134
116.114874 39.836906
116.114874 39.836906
116.114662 39.836658
116.114293 39.836441
116.112449 39.835747
116.112448 39.835746
116.112400 39.835664
116.112348 39.834683
116.112348 39.834683
116.112279 39.834284
116.112179 39.833312
116.112088 39.831862
116.112105 39.831402
116.112105 39.831402
116.112478 39.829020
116.112648 39.828308
116.112860 39.827601
116.113090 39.826963
116.113889 39.824932
116.116323 39.821186
116.116323 39.821186
116.116614 39.820739
116.116705 39.820562
116.116748 39.820458
116.116787 39.820228
116.116788 39.820226
116.115299 39.820182
116.115299 39.820182
116.114132 39.820191
116.113837 39.820178
116.113564 39.820122
116.113342 39.820048
116.113134 39.819996
116.112882 39.819966
116.111359 39.820052
116.111359 39.820052
116.110114 39.820031
116.110114 39.820031
116.109701 39.820027
116.109700 39.820026
116.109813 39.819088
116.109813 39.819088
116.109939 39.818286
116.109939 39.818286
116.110065 39.817387
116.110095 39.817222
116.110112 39.817197
116.110134 39.817175
116.110164 39.817162
116.110212 39.817162
116.110372 39.817175
116.110537 39.817171
116.110754 39.817141
116.110784 39.817132
116.110866 39.817084
116.110897 39.817046
116.110949 39.816968
116.110966 39.816942
RouteInfo end
