GuidanceInfo start
116.1101690 39.9290232
116.1102600 39.8867550
2 116.110450 39.929160
3 116.109700 39.930910
3 116.113330 39.931580
1 116.114270 39.921540
1 116.112100 39.911790
1 116.108080 39.894530
2 116.104440 39.891740
61 116.109920 39.886590
GuidanceInfo end
GuidanceInfo start
116.1103820 40.1387159
116.1104740 39.9130620
3 116.122720 40.133040
3 116.136810 40.132810
2 116.136450 40.132520
1 116.139890 40.132390
1 116.152610 40.132240
3 116.157770 40.130760
12 116.157390 40.127500
21 116.120050 39.933160
81 116.121400 39.934570
12 116.120920 39.935140
1 116.115950 39.936730
2 116.112040 39.936180
1 116.114270 39.921540
3 116.113040 39.915830
2 116.112520 39.915880
62 116.111860 39.913740
GuidanceInfo end
GuidanceInfo start
116.1105650 39.7052309
116.1106570 40.0674551
3 116.105000 39.721290
21 116.108470 39.721450
21 116.106520 39.704140
21 116.115410 40.044750
3 116.114020 40.045900
2 116.116410 40.054130
3 116.110890 40.053420
2 116.106590 40.065020
3 116.105640 40.065200
1 116.106210 40.068740
3 116.106550 40.069600
62 116.111040 40.069420
GuidanceInfo end
GuidanceInfo start
116.1107790 39.8971008
116.1108700 39.9083011
3 116.110620 39.897100
2 116.111570 39.905970
3 116.107030 39.906900
3 116.107110 39.909130
2 116.109450 39.909010
3 116.109450 39.909180
3 116.110410 39.909140
5 116.110390 39.908910
52 116.110370 39.908740
2 116.110330 39.908200
61 116.110850 39.908190
GuidanceInfo end
GuidanceInfo start
116.1109620 39.7029421
116.1110840 39.8811702
2 116.116130 39.707110
3 116.105000 39.721290
21 116.108470 39.721450
21 116.106520 39.704140
21 116.115410 39.832870
3 116.117350 39.837950
2 116.122950 39.838540
1 116.118640 39.851110
3 116.107950 39.873740
61 116.112010 39.879160
GuidanceInfo end
GuidanceInfo start
116.1111760 39.7933074
116.1112670 39.8457076
3 116.116230 39.793720
12 116.116130 39.791070
21 116.115410 39.832870
3 116.117350 39.837950
2 116.122950 39.838540
2 116.118090 39.843480
12 116.115210 39.844380
3 116.113370 39.843720
62 116.110810 39.845350
GuidanceInfo end
GuidanceInfo start
116.1113590 39.8652090
116.1114810 40.0557665
2 116.116980 39.859730
2 116.120020 39.857810
2 116.123030 39.859310
3 116.122880 39.859900
3 116.128320 39.861860
3 116.135400 39.857800
2 116.135390 39.857660
2 116.137170 39.857730
12 116.135570 39.860460
21 116.115410 40.044750
3 116.114020 40.045900
2 116.116410 40.054130
3 116.110890 40.053420
3 116.109680 40.055830
62 116.111230 40.056270
GuidanceInfo end
GuidanceInfo start
116.1115720 39.9739769
116.1116640 39.8492478
2 116.105380 39.971050
3 116.099750 39.969530
3 116.099360 39.969510
2 116.094160 39.995850
22 116.092420 39.993180
21 116.120370 39.842950
2 116.116250 39.838420
2 116.122950 39.838540
2 116.118090 39.843480
22 116.115210 39.844380
62 116.112960 39.847780
GuidanceInfo end
GuidanceInfo start
116.1117550 40.0643422
116.1118780 40.0906492
3 116.105640 40.065200
1 116.106210 40.068740
1 116.106550 40.069600
21 116.106470 40.070300
3 116.108710 40.090150
62 116.111860 40.090790
GuidanceInfo end
GuidanceInfo start
116.1119690 39.8332866
116.1120610 39.6998292
2 116.116900 39.820220
3 116.129570 39.820190
2 116.129410 39.809910
3 116.143730 39.808160
1 116.144790 39.795370
3 116.143930 39.757550
3 116.141800 39.755000
21 116.105420 39.701730
21 116.149050 39.697430
2 116.149070 39.699780
4 116.148450 39.695950
3 116.149060 39.699690
22 116.152180 39.699500
62 116.111920 39.698770
GuidanceInfo end